       -0.431883        -1.51236         0.19652
        0.580111         2.68784         2.69253
        0.723752       -0.011319        0.259613
        0.402535       -0.663892         0.22285
        0.269571      -0.0589502       -0.994962
         2.53453        0.303644         -1.2364
       -0.421725       -0.254579        0.564955
        -1.31857        -1.13547        0.513204
        -1.87604       -0.485754        -1.14873
        0.556433         1.09505       -0.506225
         1.48317        0.997981       -0.015188
       -0.505791        0.599777        -1.48482
       -0.509467       -0.587916        0.698711
       0.0688577        -1.27234         1.06334
      -0.0271805         1.66066         1.59185
          1.3484         1.52731         2.48444
     -0.00514369        -1.04961          3.0381
        0.165768          1.6744        -2.50965
        -1.88379      -0.0348141       -0.289919
         1.09366         -2.1899        0.532024
       0.0492375        0.502657        -0.42565
         1.57146        -1.02555        -2.14567
      -0.0322444        0.139671        -2.66963
         -1.2294       -0.835065       -0.552308
      -0.0541219         1.80789       -0.923249
       -0.773324       0.0143921        -0.65912
      -0.0101381        0.609422         1.11321
       0.0988339       -0.239562        0.582552
        0.396309       -0.903375       -0.427165
        0.273251        -1.45127        0.525587
        0.108987         2.32198        0.613831
        0.747123        -1.42146       -0.717834
         1.81579        0.329119        0.292759
       -0.262844      -0.0925477         1.95942
       0.0500945       -0.357001        0.816019
           1.601        -0.40658         2.10638
       -0.263909         1.03831        0.849663
       -0.249009       -0.127561        0.116716
         1.11635        -1.36674         -2.8375
        0.744982         0.56024       -0.495018
      -0.0119964       -0.810893       -0.871746
        -1.20876        0.734536       -0.101492
        0.545427        0.520696       -0.792891
        0.221273        -1.14969         1.10501
        0.846721       -0.117484       -0.946528
       -0.446132       -0.583167        -1.08402
        -1.04759       -0.406706          1.1245
        0.530718        0.199915          1.6859
        -1.27498       -0.657807         1.68919
       -0.844845        -1.01214        0.532303
       -0.323312       -0.930625       -0.416652
        0.827353         0.49431         0.32848
        0.900818        -2.49688        -1.35172
         1.53624        0.115094       -0.713397
       -0.220648        0.349979        -1.83847
         1.12232        -2.07104       -0.189527
       -0.105601       -0.310092        0.870372
       -0.675317       -0.100637       -0.136372
        -1.09453       -0.921964        -1.40572
       -0.224171         1.13695         1.80257
       -0.149168         1.19826        -2.30447
         2.05559        -1.14429         -1.4183
         1.81356       0.0282862        0.590921
        -1.92737         1.63082       -0.488795
        -0.63388        0.795914       -0.596523
       -0.966176        0.661185         1.27867
        0.694333       -0.937039        -1.22945
        0.772755       -0.155486       -0.581482
        0.776245       -0.728931        0.312814
        0.916834          1.1058         -2.1309
       -0.398298       -0.336364        0.121692
        -0.15717        0.579027         1.10782
        -1.21147       -0.815352          2.5692
       0.0518269       -0.018498       -0.106365
        0.325632         1.79071         1.02544
       -0.220044      -0.0984887       -0.613827
         1.53671         0.77639       -0.547785
        -1.19124      0.00551793         1.64026
         1.12197       -0.213781        0.259208
         1.03724       -0.454118       -0.249592
        0.585822        0.140618        -0.14802
        0.519975         1.22408        0.529256
        0.462245    -5.98309e-06        -0.71735
       -0.560096         1.50043        0.762601
         1.59324       -0.855764      -0.0229762
        0.553773         1.75558       -0.451382
        0.530907        -1.31282       -0.751449
       -0.937799         1.17511        -1.41132
        0.335318       -0.325734        -0.53544
       -0.909142       -0.500275       -0.485701
        -1.93435        0.352857         1.00952
        0.875591       -0.640524        0.100054
        -1.43229       0.0551963       -0.746694
        -1.30894       -0.992622          0.8129
      -0.0468401        0.672403        -1.05994
        -1.05701        0.315614         1.28144
       -0.429496        -1.85639       -0.532506
       -0.990609       0.0906669       -0.495826
       -0.232472        -0.66623        -1.26333
       -0.107249         1.57242        0.424258
        0.636497         1.69291        0.227508
        -3.07634         1.71085        0.440181
        -1.58165       -0.086664         1.27642
         1.37737        0.800968        0.188061
       -0.215503       -0.617183        0.337847
        -2.22558       -0.264415       -0.705233
       -0.926907         0.44954       -0.187963
        -0.74494        -1.42924         1.40155
