x y
13.5747 37.3123 
16.0987 38.6267 
13.3524 38.1112 
15.6398 38.1035 
17.0806 40.5488 
13.0126 41.4595 
15.1406 40.9965 
15.4529 41.5028 
17.6884 40.6359 
14.7057 41.2476 
10.6708 45.1693 
10.2584 46.3234 
9.69123 44.2384 
8.67964 40.0266 
7.86674 43.9584 
12.403 43.107 
10.0526 44.2131 
8.20269 44.826 
9.49168 45.2613 
11.1258 46.0664 
8.3836 46.1156 
8.34628 45.5554 
9.27883 45.6395 
10.4544 44.0178 
8.546 45.5843 
11.3426 44.4938 
13.6103 42.1369 
8.08691 45.567 
10.9924 45.4385 
13.7773 45.6496 
8.92197 40.7778 
9.34238 40.1277 
15.3106 40.4194 
14.0632 37.4899 
9.66781 39.9705 
15.0874 37.5024 
9.50674 40.9253 
16.3331 39.5967 
14.1169 41.2035 
14.2807 37.5668 
11.8734 45.4077 
10.4019 43.7159 
11.9488 42.493 
12.059 44.3641 
8.54034 39.3075 
12.8859 42.4147 
10.5941 44.6087 
8.75413 45.8397 
18.2261 40.1522 
14.8262 41.7173 
9.18963 45.4642 
12.631 43.9465 
11.4676 43.1672 
8.93386 44.4073 
7.55814 44.4581 
13.2358 46.0635 
11.2302 46.6559 
9.14941 45.9395 
12.2063 45.8067 
10.936 44.5385 
13.9576 42.3103 
13.6979 42.6581 
12.7014 43.6941 
12.0789 46.2805 
13.2188 43.4801 
11.2556 43.7698 
7.31966 45.7371 
14.2081 41.6495 
10.4259 45.7796 
12.2742 44.9772 
11.2878 42.7751 
9.66653 44.8476 
11.8279 44.7668 
8.25257 44.2334 
11.4064 45.6349 
10.3281 44.8014 
10.3403 42.7902 
9.11331 39.2172 
16.4316 38.83 
12.516 38.0174 
13.5758 41.6285 
11.7639 43.5171 
12.0141 44.0227 
13.6252 45.9441 
13.1509 43.153 
8.74503 44.835 
12.4397 42.6539 
7.68249 45.0678 
8.76505 39.4937 
13.5396 42.8834 
14.7213 36.922 
15.5542 38.1938 
16.8783 39.1874 
13.6388 43.0922 
15.8216 40.5173 
16.4736 40.4476 
16.862 41.1258 
15.2907 37.0646 
14.2488 40.8359 
9.41202 45.9005 
12.6597 45.9563 
9.13783 45.0369 
9.75422 45.7567 
14.4159 42.1027 
12.4829 41.8933 
10.037 45.2209 
11.0941 43.9357 
10.8687 43.9741 
12.3346 45.4372 
16.1466 41.1802 
13.5747 37.3123 
