x y
13.5747 37.3123 
15.3106 40.4194 
10.936 44.5385 
11.9488 42.493 
7.31966 45.7371 
9.41202 45.9005 
11.1258 46.0664 
9.69123 44.2384 
11.2878 42.7751 
13.6252 45.9441 
13.7773 45.6496 
11.7639 43.5171 
17.0806 40.5488 
16.1466 41.1802 
14.7213 36.922 
13.6979 42.6581 
12.403 43.107 
13.2188 43.4801 
8.546 45.5843 
9.49168 45.2613 
10.037 45.2209 
15.4529 41.5028 
16.4736 40.4476 
16.8783 39.1874 
18.2261 40.1522 
17.6884 40.6359 
12.2742 44.9772 
8.92197 40.7778 
9.11331 39.2172 
12.4397 42.6539 
13.9576 42.3103 
15.5542 38.1938 
16.4316 38.83 
14.2807 37.5668 
13.0126 41.4595 
13.3524 38.1112 
16.862 41.1258 
12.0141 44.0227 
12.4829 41.8933 
12.6597 45.9563 
10.5941 44.6087 
12.631 43.9465 
13.2358 46.0635 
11.0941 43.9357 
13.5396 42.8834 
13.6103 42.1369 
10.3403 42.7902 
9.34238 40.1277 
12.516 38.0174 
8.76505 39.4937 
9.66781 39.9705 
8.93386 44.4073 
8.3836 46.1156 
8.67964 40.0266 
8.54034 39.3075 
11.4676 43.1672 
8.08691 45.567 
14.4159 42.1027 
7.86674 43.9584 
9.27883 45.6395 
10.3281 44.8014 
10.2584 46.3234 
10.4019 43.7159 
11.8279 44.7668 
10.9924 45.4385 
9.18963 45.4642 
8.75413 45.8397 
9.14941 45.9395 
8.74503 44.835 
12.0789 46.2805 
9.13783 45.0369 
7.55814 44.4581 
9.75422 45.7567 
7.68249 45.0678 
11.8734 45.4077 
8.34628 45.5554 
13.1509 43.153 
8.25257 44.2334 
10.8687 43.9741 
13.6388 43.0922 
15.2907 37.0646 
15.1406 40.9965 
14.2488 40.8359 
14.8262 41.7173 
14.2081 41.6495 
15.6398 38.1035 
13.5758 41.6285 
12.3346 45.4372 
12.2063 45.8067 
10.4544 44.0178 
14.7057 41.2476 
15.8216 40.5173 
16.3331 39.5967 
12.7014 43.6941 
12.8859 42.4147 
9.66653 44.8476 
11.4064 45.6349 
9.50674 40.9253 
10.6708 45.1693 
10.0526 44.2131 
10.4259 45.7796 
12.059 44.3641 
11.2302 46.6559 
14.1169 41.2035 
11.3426 44.4938 
8.20269 44.826 
11.2556 43.7698 
14.0632 37.4899 
16.0987 38.6267 
15.0874 37.5024 
13.5747 37.3123 
