         -1.9213      -0.0455733         -1.0821
       -0.144794          0.6305       -0.267224
         1.89217        -1.45938         1.02987
        0.234436          2.5286       -0.441296
        0.358669        0.158014       0.0820732
      -0.0634779       0.0989721        -2.09212
        0.509499       -0.168542        -1.92944
       -0.782592         2.08481       -0.123886
       -0.581958        0.541133        -0.79384
         0.20685        -1.82991       -0.898006
         1.40585       -0.583543         1.72887
       -0.342026        0.929743        -0.62806
       -0.668232       -0.111907         0.76478
         0.71039         1.30285         1.03691
        -1.75496          0.3945        -1.61289
          2.4112       -0.457279        0.684933
        0.439279        -1.79094        0.177148
       -0.424905        0.312282         0.65865
        -2.80676       -0.851901       -0.714182
        0.291385       -0.070755        0.266391
        -1.03176        -1.51526       -0.325594
        0.274313        0.468126       -0.323147
       -0.827274      -0.0512057        0.508106
        -1.70843        -1.90931         0.21596
         1.46729         1.04099         1.12272
       -0.343093       -0.603059        -0.17097
         0.75182        0.630823        -1.50992
       -0.214753        0.106827        0.188508
        0.602827        0.925037        0.332187
        -1.33072       0.0276813       0.0381035
        0.426337        0.200691       -0.226077
       -0.358924        -1.38606        0.681302
        0.504116         0.98097        -0.27631
       -0.843231           2.258        0.235554
       -0.308506       -0.323069         0.90339
       0.0470777         1.61081        -1.13106
        0.813602       -0.186931        0.318882
        -1.24822        0.453467         1.44992
         1.63591        0.413237        0.427961
        0.642992        0.225982       -0.252353
        -1.52839         1.09986       -0.510566
        -1.15155        0.595914      -0.0898913
         0.76781       -0.562848       -0.311885
       -0.911344        0.263664         0.31699
        0.299521        -1.62485         1.32098
        -1.71211        0.413039        0.877649
         1.09439        0.549916       -0.320591
       -0.629794         1.38079       -0.337048
        0.237088         2.49685       -0.551651
       -0.450646        -0.11527       -0.451373
        0.503776       -0.437203        0.265929
         1.97914       -0.487633        0.439085
         1.71736          1.0299        -2.19331
       -0.316097        -1.20066       -0.721891
        0.792723       -0.776085       -0.205141
        0.659886       -0.833415        0.466323
         1.06314       -0.555212       -0.735274
         1.78742        0.657218       -0.369944
        0.294705         1.17977       0.0387386
      -0.0354469        -1.51239        0.138008
        0.315862        -1.24333        -1.41423
        -1.42566       0.0164931        0.328417
        0.359402       -0.430122        0.651604
         2.09048        -1.49816         1.47471
        0.519034        0.280342       -0.412323
       -0.101325        -2.19918       -0.802439
       -0.119017        0.978008         -2.2714
        0.745455     -0.00703913       -0.466843
       -0.728351        -2.51826        0.401087
        0.509738       -0.388237       0.0602576
         1.01088         2.20515         0.95398
        -1.18664       -0.603551       0.0301661
      -0.0654057       -0.158403        -1.34476
       -0.875922        0.396021        -0.78509
        0.321417       -0.479091        -1.35324
        -1.54121       0.0136207       -0.368381
         2.75946         1.34443       -0.371373
        -1.59073       0.0425719         0.38722
        -1.27113        -1.48613        -1.12452
       0.0247044      -0.0518045       -0.787603
         2.22904        0.154081        -1.53848
      -0.0845536       0.0330397        -0.88522
       -0.221761         -2.1471       -0.124272
        -2.94805        -2.15869       -0.086804
        -1.60199        -0.41991        -0.59884
       -0.216767        0.519361         3.08138
          1.8986       0.0561022        -2.63577
        0.940254        -1.22134         2.25456
        0.667114        0.667914       0.0958816
        -1.17528       -0.477999         2.34592
       -0.594841         1.48131         1.82409
        0.954968         1.03865        0.187625
         0.76728       -0.465217       -0.146254
        0.912917       -0.369919        0.352852
       -0.177351       -0.288702         1.24446
       0.0028284         1.14254         2.27736
       -0.288901        0.176576        0.816174
         1.54906        0.739982       -0.696845
        -3.11314       -0.542828        0.126568
      -0.0917898       -0.146544        0.377041
         0.66583       -0.355063        0.224718
        0.199272       -0.286939        0.454259
       -0.574619       -0.955801       -0.220849
       -0.109339         1.16356        0.379931
        0.983462         1.09574        0.798575
        -1.02956        0.744174         1.24775
        -1.51738      -0.0502677       -0.722898
       -0.157994        0.119202         1.66299
