beta mean unc mu sigma
0.5 -0.288456 0.00337697 0.582406 0.598005
0.505051 -0.155342 0.0123076 0.430796 1.0687
0.510152 -0.241814 0.00520586 0.19024 0.937732
0.515305 -0.0773471 0.00577519 0.196069 0.755702
0.52051 -0.162631 0.0130293 0.820317 0.855841
0.525768 -0.141267 0.0134189 0.0934931 1.15265
0.531079 0.698067 0.0536809 0.715643 1.21102
0.536443 5.74393 0.088944 1.54511 0.988203
0.541862 1.58935 0.0719889 0.700169 1.38609
0.547335 0.304183 0.0259513 0.934944 0.950909
0.552864 -0.314302 0.00496437 0.589867 0.76701
0.558448 0.734554 0.00934218 0.124739 0.484225
0.564089 0.734554 0.00934218 0.124739 0.484225
0.569787 0.210537 0.0224872 0.973985 0.887629
0.575542 -0.154376 0.0134 0.806977 0.882213
0.581356 -0.154376 0.0134 0.806977 0.882213
0.587228 -0.154376 0.0134 0.806977 0.882213
0.59316 3.14244 0.028149 1.63298 0.491366
0.599151 -0.0161201 0.0171398 0.869942 0.8947
0.605203 0.00268431 0.0180537 0.974417 0.820046
0.611316 1.67057 0.0276943 1.45007 0.589085
0.617491 1.67057 0.0276943 1.45007 0.589085
0.623729 3.09457 0.0289822 1.61722 0.535798
0.630029 3.09457 0.0289822 1.61722 0.535798
0.636393 3.09457 0.0289822 1.61722 0.535798
0.642821 3.09457 0.0289822 1.61722 0.535798
0.649314 0.654025 0.0100929 1.30767 0.510715
0.655873 -0.291285 0.00350375 0.555792 0.706189
0.662498 0.780517 0.0270473 1.19983 0.78662
0.66919 -0.326354 0.00638452 0.850141 0.74642
0.675949 -0.246083 0.0101119 0.352868 0.959447
0.682777 -0.184277 0.0129374 0.22766 1.09745
0.689674 -0.307264 0.0075312 0.685933 0.814473
0.69664 -0.252577 0.00744734 0.34806 0.943843
0.703677 0.0298211 0.0192857 0.239827 1.23274
0.710785 0.0298211 0.0192857 0.239827 1.23274
0.717965 0.0298211 0.0192857 0.239827 1.23274
0.725217 0.0298211 0.0192857 0.239827 1.23274
0.732542 -0.170594 0.0123057 0.634595 0.953493
0.739942 -0.183059 0.0138328 0.488336 1.00784
0.747416 -0.274861 0.00532749 0.490927 0.87644
0.754965 -0.250198 0.00843444 0.115503 1.02621
0.762591 -0.126992 0.00501953 0.197686 0.79567
0.770294 -0.106999 0.0161526 0.415338 1.09835
0.778075 -0.252936 0.00621337 0.362377 0.935922
0.785934 -0.119538 0.00479264 0.0991683 0.807084
0.793873 -0.119538 0.00479264 0.0991683 0.807084
0.801892 -0.0757388 0.00553931 0.303093 0.719239
0.809992 -0.252356 0.00423292 0.521839 0.691951
0.818174 -0.252356 0.00423292 0.521839 0.691951
0.826438 -0.225846 0.00994553 0.443446 0.973913
0.834786 0.126838 0.0203821 0.914938 0.915903
0.843218 -0.41667 0.00235946 0.710906 0.640339
0.851735 -0.217594 0.00744278 0.782431 0.478331
0.860339 -0.217594 0.00744278 0.782431 0.478331
0.869029 0.357694 0.00880634 0.261407 0.519324
0.877807 -0.0758211 0.00534927 0.152955 0.775563
0.886674 -0.214523 0.00599126 0.0526764 0.916329
0.89563 -0.247376 0.00907811 0.198755 1.01723
0.904677 -0.247376 0.00907811 0.198755 1.01723
0.913815 0.325902 0.0350642 0.583299 1.20363
0.923046 0.325902 0.0350642 0.583299 1.20363
0.932369 0.789847 0.0459128 0.215548 1.45148
0.941787 0.406685 0.038284 0.219755 1.34676
0.9513 0.10393 0.02716 0.0314501 1.27472
0.960909 0.127294 0.0312302 0.128612 1.25285
0.970615 0.127294 0.0312302 0.128612 1.25285
0.98042 0.108286 0.0258218 0.0660464 1.29388
0.990323 -0.214297 0.0116334 0.243492 1.06555
1.00033 -0.129968 0.0172379 0.211257 1.14198
1.01043 -0.242688 0.00731802 0.192512 1.00609
1.02064 0.233636 0.0346324 0.499091 1.21234
1.03095 0.0752058 0.0218476 0.536493 1.14481
1.04136 -0.0878321 0.0151131 0.108019 1.19739
1.05188 -0.233069 0.0078882 0.31554 1.02469
1.0625 -0.164277 0.0145371 0.686186 0.937189
1.07324 -0.164277 0.0145371 0.686186 0.937189
1.08408 -0.278178 0.00495913 0.525851 0.755634
1.09503 -0.247902 0.0077089 0.228169 0.967326
1.10609 -0.261178 0.00712313 0.27235 0.990521
1.11726 -0.209729 0.00583121 0.0309677 0.89012
1.12855 -0.226581 0.0120877 0.335151 1.02672
1.13995 -0.149994 0.013342 0.0185511 1.15766
1.15146 -0.10126 0.0157713 0.114096 1.17972
1.16309 0.0312176 0.0230949 0.0226593 1.2501
1.17484 0.747964 0.0402903 0.28045 1.43103
1.18671 2.14063 0.0768411 0.481421 1.54864
1.19869 2.14063 0.0768411 0.481421 1.54864
1.2108 0.891237 0.0506061 0.514175 1.36859
1.22303 0.133012 0.031007 0.422175 1.21815
1.23539 0.186247 0.0294142 0.176029 1.29689
1.24786 0.351091 0.0343421 0.0569281 1.3507
1.26047 0.351091 0.0343421 0.0569281 1.3507
1.2732 0.110128 0.0264546 0.194949 1.25412
1.28606 0.110128 0.0264546 0.194949 1.25412
1.29905 0.110128 0.0264546 0.194949 1.25412
1.31217 -0.187794 0.0137054 0.265148 1.0899
1.32543 -0.00536692 0.0218857 0.519005 1.12469
1.33882 -0.00536692 0.0218857 0.519005 1.12469
1.35234 -0.00536692 0.0218857 0.519005 1.12469
1.366 -0.0421662 0.0232102 0.239037 1.20594
1.3798 -0.16943 0.0135936 0.0116981 1.14966
1.39373 -0.0556979 0.0169242 0.196065 1.194
1.40781 0.00413684 0.021528 0.0534622 1.23418
1.42203 0.473175 0.0353839 0.323607 1.34142
1.4364 0.756418 0.040309 0.649368 1.27387
1.45091 0.689643 0.0461254 0.709332 1.22975
1.46556 0.617567 0.0438766 0.565689 1.29101
1.48037 0.511631 0.0455711 0.356265 1.34381
1.49532 0.206693 0.0279841 0.0475315 1.32704
1.51042 0.893909 0.0475289 0.358899 1.42424
1.52568 0.464263 0.0345042 0.231767 1.36091
1.54109 0.464263 0.0345042 0.231767 1.36091
1.55666 0.464263 0.0345042 0.231767 1.36091
1.57238 0.336375 0.0289445 0.0743268 1.3581
1.58826 0.21297 0.0343196 0.370232 1.25277
1.60431 0.903225 0.047718 0.453695 1.38143
1.62051 0.117617 0.0253178 0.385252 1.23533
1.63688 -0.058179 0.0212539 0.0852999 1.19422
1.65341 -0.11323 0.0181255 0.298866 1.13253
1.67012 -0.11323 0.0181255 0.298866 1.13253
1.68699 -0.090343 0.0177078 0.423237 1.11806
1.70403 0.0916146 0.026133 0.587433 1.11802
1.72124 0.12477 0.0233202 0.79221 0.997971
1.73862 0.242836 0.0293462 0.875208 0.978062
1.75619 0.154513 0.0211327 0.978475 0.874513
1.77393 -0.137821 0.0135437 0.987537 0.733704
1.79184 0.313696 0.0152956 1.13287 0.744439
1.80994 0.276368 0.0223999 1.00442 0.88141
1.82823 -0.261474 0.0104358 0.876887 0.785066
1.84669 0.120479 0.0138288 1.08298 0.739064
1.86535 0.123721 0.0113937 1.16506 0.610795
1.88419 0.123721 0.0113937 1.16506 0.610795
1.90322 -0.0230388 0.00661342 1.11665 0.568652
1.92245 0.0318493 0.00540708 1.07175 0.472717
1.94186 -0.076656 0.00608468 0.958872 0.470275
1.96148 0.206101 0.0109571 0.850793 0.41249
1.98129 0.204965 0.0132893 0.686926 0.40293
2.0013 -0.015337 0.00530643 0.482186 0.482925
2.02152 -0.015337 0.00530643 0.482186 0.482925
2.04194 -0.015337 0.00530643 0.482186 0.482925
2.06256 -0.288322 0.00356285 0.582312 0.596408
2.0834 -0.288322 0.00356285 0.582312 0.596408
2.10444 -0.0243734 0.0050302 0.469039 0.511109
2.1257 -0.222226 0.00645993 0.659124 0.479393
2.14717 -0.309918 0.00619911 0.711682 0.506087
2.16886 -0.394302 0.00356417 0.89071 0.576706
2.19077 -0.394308 0.00539371 0.861389 0.683194
2.2129 -0.169699 0.0122682 0.977834 0.731308
2.23525 -0.372484 0.0066829 0.778403 0.718586
2.25783 -0.356629 0.00685503 0.803482 0.749068
2.28063 -0.316808 0.0067243 0.608485 0.817284
2.30367 -0.245678 0.00958103 0.534059 0.915664
2.32694 -0.292388 0.00740062 0.582787 0.826994
2.35044 -0.269581 0.00965123 0.751683 0.846145
2.37419 -0.269581 0.00965123 0.751683 0.846145
2.39817 -0.3007 0.00648795 0.603376 0.828565
2.42239 -0.275002 0.00505321 0.503716 0.781205
2.44686 -0.347737 0.00456675 0.633075 0.734709
2.47158 -0.407421 0.00338314 0.719878 0.674522
2.49654 -0.398797 0.00334435 0.907066 0.603116
2.52176 -0.339088 0.00570859 0.95706 0.618987
2.54723 -0.371417 0.00371954 0.880891 0.543875
2.57296 -0.441314 0.00265279 0.768799 0.631367
2.59895 -0.368862 0.00418043 0.932185 0.600754
2.6252 -0.392329 0.00365402 0.909636 0.600916
2.65172 -0.182932 0.00910909 1.02157 0.661615
2.67851 -0.291033 0.00915785 0.91161 0.719984
2.70556 -0.340595 0.00709841 0.753562 0.767549
2.73289 -0.240496 0.0112839 0.847703 0.805244
2.76049 -0.269643 0.00911088 0.801223 0.818828
2.78838 -0.32856 0.00598767 0.630363 0.786614
2.81654 -0.32856 0.00598767 0.630363 0.786614
2.84499 -0.30046 0.00815156 0.72172 0.836078
2.87373 -0.309852 0.0070504 0.673476 0.812799
2.90276 -0.359296 0.00695134 0.7186 0.755323
2.93208 -0.341288 0.00711447 0.76676 0.755565
2.9617 -0.387498 0.00514922 0.871593 0.679141
2.99161 -0.442906 0.00296265 0.780995 0.602283
3.02183 -0.402956 0.00260562 0.701084 0.588111
3.05235 -0.391634 0.00339586 0.699798 0.56035
3.08319 -0.327442 0.00334649 0.617898 0.586316
3.11433 -0.312927 0.00301261 0.588471 0.632522
3.14579 -0.394491 0.00248338 0.67733 0.603965
3.17756 -0.394491 0.00248338 0.67733 0.603965
3.20966 -0.443418 0.00247029 0.798393 0.613682
3.24208 -0.428421 0.00261444 0.745567 0.585122
3.27483 -0.401248 0.00467468 0.874277 0.655916
3.30791 -0.427323 0.00282378 0.737093 0.662238
3.34132 -0.392286 0.00310242 0.678374 0.66429
3.37507 -0.378548 0.00355689 0.670581 0.682925
3.40916 -0.386199 0.00420829 0.72904 0.727747
3.4436 -0.334162 0.0078898 0.802466 0.767231
3.47838 -0.205338 0.0137747 0.812863 0.824693
3.51352 -0.292259 0.00886863 0.835321 0.772397
3.54901 -0.121595 0.0161769 0.884008 0.836605
3.58486 -0.0297225 0.0163576 0.929711 0.833267
3.62107 -0.241433 0.0114413 0.833112 0.816899
3.65764 -0.267839 0.00999294 0.807347 0.793333
3.69459 -0.290674 0.00909966 0.792306 0.800739
3.73191 -0.158672 0.0119912 0.890948 0.81751
3.76961 -0.188425 0.0126139 0.804744 0.873058
3.80768 -0.0438017 0.0201084 0.861747 0.878795
3.84614 0.12534 0.0188443 0.974789 0.856463
3.88499 0.0984371 0.0211918 0.954152 0.853527
3.92424 0.182005 0.0207993 1.04068 0.799176
3.96387 0.226192 0.0193511 1.10333 0.748757
4.00391 0.226192 0.0193511 1.10333 0.748757
4.04436 -0.0023141 0.0177794 1.00006 0.790461
4.08521 -0.0023141 0.0177794 1.00006 0.790461
4.12647 -0.0023141 0.0177794 1.00006 0.790461
4.16816 0.110633 0.0181959 1.03937 0.794675
4.21026 0.110633 0.0181959 1.03937 0.794675
4.25279 -0.0845322 0.0144972 0.991251 0.759923
4.29574 -0.159275 0.012323 0.921658 0.792092
4.33914 -0.172925 0.0108687 0.844993 0.829554
4.38296 -0.210814 0.0104004 0.776666 0.863179
4.42724 -0.209033 0.0119882 0.842282 0.816742
4.47196 -0.218039 0.0117271 0.904456 0.777441
4.51713 -0.247663 0.0105255 0.810587 0.820551
4.56276 -0.247663 0.0105255 0.810587 0.820551
4.60884 -0.319967 0.00810631 0.763274 0.795594
4.6554 -0.158024 0.0143458 0.859199 0.836945
4.70242 -0.158024 0.0143458 0.859199 0.836945
4.74992 -0.0139591 0.0164702 0.891981 0.866415
4.7979 -0.0139591 0.0164702 0.891981 0.866415
4.84636 0.0652665 0.0206132 0.941013 0.870472
4.89532 0.135548 0.022806 0.947255 0.883895
4.94476 0.0439583 0.0197791 0.861898 0.9268
4.99471 -0.0492284 0.0161919 0.802335 0.930387
5.04516 0.0218106 0.0171983 0.850155 0.926076
5.09612 -0.0667073 0.0197551 0.835221 0.883319
5.1476 -0.162427 0.0149466 0.841004 0.858454
5.1996 -0.162427 0.0149466 0.841004 0.858454
5.25212 -0.173635 0.0142977 0.820578 0.862971
5.30517 -0.119483 0.0159678 0.868766 0.85395
5.35876 -0.115796 0.0156963 0.80441 0.884389
5.41289 -0.238169 0.010643 0.744888 0.870889
5.46756 -0.238169 0.010643 0.744888 0.870889
5.52279 -0.21628 0.0124846 0.775988 0.865575
5.57858 -0.212822 0.0115829 0.795202 0.853601
5.63492 -0.295068 0.00925322 0.758053 0.814518
5.69184 -0.296109 0.00802758 0.766778 0.810674
5.74934 -0.316518 0.0083698 0.79095 0.788036
5.80741 -0.316518 0.0083698 0.79095 0.788036
5.86607 -0.316518 0.0083698 0.79095 0.788036
5.92532 -0.33206 0.00776852 0.752941 0.785565
5.98518 -0.33206 0.00776852 0.752941 0.785565
6.04563 -0.367876 0.00535693 0.753669 0.747925
6.1067 -0.336243 0.00647945 0.751686 0.782604
6.16838 -0.336243 0.00647945 0.751686 0.782604
6.23069 -0.310247 0.0100064 0.817835 0.763447
6.29363 -0.362811 0.00597224 0.746744 0.768831
6.3572 -0.332551 0.00546858 0.677999 0.786015
6.42141 -0.350285 0.00622028 0.723864 0.775818
6.48628 -0.336453 0.00713364 0.765278 0.779091
6.55179 -0.328065 0.00806351 0.795277 0.774173
6.61797 -0.228123 0.013666 0.85456 0.803402
6.68482 -0.229885 0.0105568 0.898828 0.772175
6.75234 -0.330905 0.00723626 0.857664 0.743378
6.82055 -0.3017 0.00889668 0.825691 0.764953
6.88944 -0.308926 0.00951157 0.785659 0.783913
6.95903 -0.35616 0.00651276 0.770543 0.755257
7.02933 -0.361512 0.00737604 0.839358 0.725759
7.10033 -0.401455 0.00481795 0.80141 0.705002
7.17205 -0.364716 0.0063703 0.81925 0.726147
7.2445 -0.355335 0.00692876 0.764241 0.749307
7.31767 -0.353393 0.00687416 0.738452 0.755113
7.39159 -0.33138 0.00654692 0.789673 0.77058
7.46625 -0.338523 0.00688944 0.741693 0.763972
7.54167 -0.338312 0.00831238 0.735932 0.772712
7.61785 -0.320194 0.00929965 0.766661 0.781713
7.6948 -0.339988 0.00666821 0.71046 0.798675
7.77252 -0.346296 0.00617685 0.749112 0.7722
7.85103 -0.356434 0.00675924 0.762768 0.755174
7.93033 -0.376912 0.00516991 0.740258 0.732063
8.01044 -0.365637 0.0067309 0.767098 0.742932
8.09135 -0.36137 0.00600626 0.769744 0.738674
8.17308 -0.367801 0.0057927 0.770789 0.743095
8.25564 -0.371893 0.00622495 0.763401 0.738018
8.33903 -0.355134 0.0056082 0.744138 0.761312
8.42326 -0.342665 0.00446477 0.690818 0.762864
8.50835 -0.343922 0.00832812 0.737821 0.772832
8.59429 -0.3284 0.00811064 0.747777 0.786922
8.6811 -0.339635 0.00689932 0.733467 0.771279
8.76879 -0.35455 0.00579853 0.724624 0.755366
8.85736 -0.351662 0.00607801 0.687055 0.750965
8.94683 -0.367806 0.00472384 0.692924 0.736994
9.0372 -0.367806 0.00472384 0.692924 0.736994
9.12849 -0.366314 0.0049057 0.718812 0.742161
9.22069 -0.359213 0.00478655 0.678741 0.745894
9.31383 -0.38287 0.00441432 0.699381 0.7325
9.40791 -0.38287 0.00441432 0.699381 0.7325
9.50294 -0.385266 0.00443063 0.738817 0.720342
9.59893 -0.390607 0.00429866 0.726361 0.716976
9.69589 -0.412073 0.00377191 0.774047 0.698927
9.79383 -0.416781 0.0042766 0.798244 0.681084
9.89275 -0.422881 0.00438797 0.815375 0.666588
9.99268 -0.437048 0.00274031 0.770888 0.642253
10.0936 -0.422086 0.00222166 0.729654 0.637258
10.1956 -0.427871 0.00289014 0.730414 0.645572
10.2986 -0.427315 0.0033966 0.773232 0.664284
10.4026 -0.413415 0.00512747 0.799747 0.688045
10.5077 -0.424185 0.00438506 0.810341 0.673909
10.6138 -0.417374 0.00428406 0.817451 0.674162
10.721 -0.433106 0.00366094 0.81172 0.651042
10.8293 -0.438692 0.00276374 0.770118 0.643099
10.9387 -0.428685 0.00286221 0.81488 0.657675
11.0492 -0.435218 0.00277942 0.796601 0.643868
11.1608 -0.425622 0.00414577 0.841363 0.650103
11.2735 -0.412026 0.0040384 0.876666 0.642695
11.3874 -0.408572 0.00422463 0.860159 0.66286
11.5024 -0.433387 0.00357207 0.849115 0.641719
11.6186 -0.400839 0.00456699 0.890251 0.642667
11.736 -0.431211 0.00312553 0.858075 0.627258
11.8545 -0.437013 0.00313287 0.82443 0.638968
11.9743 -0.438684 0.00377128 0.81852 0.633558
12.0952 -0.437481 0.00333273 0.794224 0.650443
12.2174 -0.429394 0.0035608 0.817703 0.670216
12.3408 -0.430455 0.00316154 0.786221 0.65798
12.4654 -0.43624 0.00225929 0.773392 0.656053
12.5914 -0.426641 0.00342121 0.755428 0.655279
12.7185 -0.42774 0.00275362 0.773953 0.655762
12.847 -0.421772 0.00274635 0.739702 0.667463
12.9768 -0.41136 0.00299566 0.715078 0.665289
13.1079 -0.41572 0.00342485 0.740516 0.676149
13.2403 -0.42283 0.00330977 0.756268 0.672373
13.374 -0.416221 0.00300066 0.719515 0.66627
13.5091 -0.428701 0.00290775 0.74639 0.655145
13.6455 -0.428248 0.00341244 0.773024 0.664096
13.7834 -0.435999 0.00313344 0.785082 0.659966
13.9226 -0.440377 0.00248946 0.789391 0.651296
14.0632 -0.43732 0.00228753 0.767441 0.634482
14.2053 -0.436022 0.00238058 0.767365 0.64042
14.3488 -0.431773 0.00367305 0.79485 0.653502
14.4937 -0.43578 0.00318098 0.78359 0.664958
14.6401 -0.42056 0.00393808 0.764552 0.677928
14.788 -0.410704 0.00397132 0.739262 0.687749
14.9374 -0.407476 0.00350815 0.72612 0.69365
15.0883 -0.4024 0.00356381 0.736341 0.699951
15.2407 -0.395902 0.00425135 0.72857 0.710595
15.3946 -0.393769 0.00360631 0.70623 0.700122
15.5501 -0.41052 0.00329159 0.730379 0.685996
15.7072 -0.41052 0.00329159 0.730379 0.685996
15.8658 -0.406534 0.00387329 0.717921 0.680903
16.0261 -0.406534 0.00387329 0.717921 0.680903
16.188 -0.40829 0.00353405 0.72363 0.672042
16.3515 -0.412046 0.00375576 0.736582 0.686775
16.5167 -0.408544 0.00344208 0.730097 0.685209
16.6835 -0.408544 0.00344208 0.730097 0.685209
16.852 -0.414921 0.002915 0.725482 0.676176
17.0222 -0.415863 0.00388539 0.753544 0.678126
17.1942 -0.412246 0.00321312 0.731064 0.683704
17.3679 -0.418208 0.00338254 0.720763 0.675322
17.5433 -0.405273 0.0034949 0.711912 0.687947
17.7205 -0.395225 0.0041504 0.705461 0.690023
17.8995 -0.405185 0.00376319 0.729833 0.692323
18.0803 -0.405906 0.00347929 0.740906 0.694526
18.2629 -0.404296 0.00376156 0.724601 0.693921
18.4474 -0.411645 0.00327715 0.73105 0.691101
18.6337 -0.411645 0.00327715 0.73105 0.691101
18.822 -0.410951 0.00361946 0.739892 0.685311
19.0121 -0.405157 0.0046732 0.75841 0.690901
19.2041 -0.40633 0.00447402 0.780835 0.693249
19.3981 -0.4177 0.00444088 0.780276 0.688356
19.594 -0.422066 0.00387985 0.77971 0.695713
19.792 -0.422066 0.00387985 0.77971 0.695713
19.9919 -0.422066 0.00387985 0.77971 0.695713
20.1938 -0.422066 0.00387985 0.77971 0.695713
20.3978 -0.412054 0.00382358 0.796643 0.695506
20.6038 -0.408991 0.00532009 0.80198 0.692633
20.812 -0.409875 0.00487193 0.790058 0.685902
21.0222 -0.416548 0.00428428 0.767907 0.675622
21.2345 -0.415242 0.00404319 0.774298 0.68503
21.449 -0.419746 0.00423394 0.768349 0.683018
21.6657 -0.404551 0.00529745 0.748525 0.690638
21.8845 -0.414157 0.00358863 0.734953 0.684147
22.1056 -0.41715 0.00425722 0.757344 0.682693
22.3289 -0.423827 0.0036345 0.759479 0.671612
22.5544 -0.416162 0.0036204 0.744773 0.677518
22.7822 -0.421875 0.00327493 0.765326 0.674783
23.0123 -0.411524 0.00428797 0.761684 0.685461
23.2448 -0.419592 0.00383088 0.776977 0.675878
23.4796 -0.425337 0.00381371 0.784871 0.679942
23.7168 -0.417303 0.00458028 0.78114 0.674868
23.9563 -0.427959 0.00361068 0.785955 0.677615
24.1983 -0.427959 0.00361068 0.785955 0.677615
24.4427 -0.420675 0.00368675 0.787612 0.679668
24.6896 -0.420063 0.00477398 0.804991 0.67485
24.939 -0.417852 0.0045906 0.817452 0.673449
25.1909 -0.415815 0.00431577 0.819643 0.678571
25.4454 -0.414386 0.00468199 0.815868 0.673521
25.7024 -0.421694 0.0041635 0.813988 0.668756
25.962 -0.404731 0.00525016 0.826566 0.678259
26.2243 -0.406998 0.00462835 0.84421 0.675931
26.4892 -0.40974 0.00477763 0.830675 0.679916
26.7567 -0.421495 0.00453104 0.815977 0.672851
27.027 -0.426796 0.00331657 0.817223 0.665771
27.3 -0.432204 0.00370293 0.823625 0.658593
27.5758 -0.430134 0.00401339 0.814409 0.656569
27.8543 -0.430134 0.00401339 0.814409 0.656569
28.1357 -0.431969 0.00332112 0.798647 0.658482
28.4198 -0.432771 0.00326369 0.783472 0.652288
28.7069 -0.431786 0.00343739 0.781391 0.656433
28.9969 -0.439071 0.00352493 0.784584 0.658521
29.2898 -0.426765 0.00357992 0.789082 0.65946
29.5856 -0.431635 0.00280785 0.793248 0.659193
29.8845 -0.433117 0.0030466 0.790175 0.661819
30.1864 -0.431631 0.0034217 0.792075 0.665816
30.4913 -0.432114 0.00395935 0.792491 0.66363
30.7993 -0.436522 0.00278822 0.793735 0.664506
31.1104 -0.426642 0.00376989 0.804058 0.659865
31.4246 -0.43306 0.0033468 0.804542 0.655517
31.742 -0.431515 0.00422124 0.809691 0.65231
32.0627 -0.442127 0.00277307 0.80472 0.645983
32.3865 -0.442127 0.00277307 0.80472 0.645983
32.7137 -0.442407 0.00296745 0.805334 0.646465
33.0441 -0.442407 0.00296745 0.805334 0.646465
33.3779 -0.441855 0.00282328 0.790535 0.653531
33.715 -0.43953 0.00233425 0.780955 0.650284
34.0556 -0.43953 0.00233425 0.780955 0.650284
34.3996 -0.434266 0.00388903 0.794491 0.650394
34.747 -0.443205 0.00273945 0.798307 0.64735
35.098 -0.43336 0.00378739 0.800521 0.651883
35.4526 -0.432593 0.00403747 0.797254 0.647136
35.8107 -0.434741 0.00284993 0.7881 0.650368
36.1724 -0.432732 0.0031851 0.783142 0.656967
36.5378 -0.436984 0.00270852 0.777538 0.656219
36.9068 -0.435229 0.00260172 0.768989 0.660968
37.2796 -0.424705 0.00322453 0.77085 0.663726
37.6562 -0.419137 0.0046213 0.771791 0.669624
38.0366 -0.423114 0.00370296 0.763521 0.667178
38.4208 -0.426765 0.00343728 0.767985 0.661274
38.8088 -0.435715 0.00248471 0.765436 0.661837
39.2009 -0.429853 0.00312268 0.7541 0.660228
39.5968 -0.429265 0.0028023 0.766589 0.662797
39.9968 -0.425859 0.00353895 0.755505 0.661545
40.4008 -0.429798 0.00331411 0.766572 0.658699
40.8089 -0.429952 0.00334679 0.771778 0.660796
41.2211 -0.432756 0.0028547 0.764394 0.655416
41.6375 -0.438354 0.00278846 0.775512 0.651333
42.0581 -0.436796 0.00295925 0.765463 0.648673
42.4829 -0.431291 0.00315735 0.77493 0.648608
42.912 -0.439206 0.00284871 0.776643 0.644847
43.3455 -0.437296 0.00325048 0.770731 0.64101
43.7833 -0.439251 0.00243493 0.781107 0.635728
44.2255 -0.440699 0.00238157 0.782338 0.631368
44.6723 -0.442673 0.00245749 0.777754 0.629893
45.1235 -0.442464 0.00229003 0.785511 0.624583
45.5793 -0.44843 0.00234961 0.79422 0.627339
46.0397 -0.443531 0.00250459 0.793311 0.630494
46.5047 -0.44331 0.00272773 0.799797 0.630786
46.9745 -0.443042 0.00271039 0.799163 0.631758
47.449 -0.442292 0.00270019 0.790171 0.628576
47.9283 -0.442292 0.00270019 0.790171 0.628576
48.4124 -0.442957 0.00278172 0.793823 0.626654
48.9014 -0.443287 0.0026086 0.784471 0.622006
49.3954 -0.443415 0.00262029 0.783245 0.624477
49.8943 -0.442699 0.00287605 0.780846 0.622625
50.3983 -0.444367 0.00220073 0.778985 0.622453
50.9073 -0.442424 0.00307451 0.771944 0.61839
51.4216 -0.440523 0.00279361 0.76948 0.621315
51.941 -0.4382 0.00219556 0.764568 0.625841
52.4656 -0.440314 0.00256554 0.771622 0.628299
52.9956 -0.442101 0.00218292 0.772156 0.631232
53.5309 -0.44317 0.00285664 0.775823 0.627626
54.0716 -0.44062 0.00277915 0.766637 0.631422
54.6178 -0.436611 0.00271218 0.772225 0.63112
55.1695 -0.442674 0.00224302 0.77753 0.631521
55.7268 -0.442674 0.00224302 0.77753 0.631521
56.2896 -0.442674 0.00224302 0.77753 0.631521
56.8582 -0.444194 0.00305899 0.770826 0.628158
57.4326 -0.445368 0.00215322 0.771177 0.627088
58.0127 -0.443154 0.00209089 0.764285 0.624753
58.5987 -0.438597 0.00246342 0.76185 0.625926
59.1906 -0.440857 0.00223179 0.764996 0.627291
59.7885 -0.443042 0.0025151 0.764329 0.628194
60.3924 -0.438284 0.00202813 0.759309 0.626446
61.0024 -0.438316 0.00250807 0.75176 0.630091
61.6186 -0.429853 0.00320475 0.7514 0.626763
62.241 -0.440948 0.00196712 0.758848 0.627294
62.8697 -0.437671 0.00207418 0.756046 0.625659
63.5047 -0.437671 0.00207418 0.756046 0.625659
64.1462 -0.4441 0.00209348 0.76304 0.628743
64.7942 -0.439658 0.00243481 0.768134 0.629712
65.4486 -0.443164 0.00274481 0.771302 0.632398
66.1097 -0.442742 0.00253256 0.775474 0.630358
66.7775 -0.438739 0.00221563 0.775537 0.632374
67.452 -0.441348 0.00256944 0.776758 0.635211
68.1334 -0.441288 0.00250111 0.771462 0.636594
68.8216 -0.441288 0.00250111 0.771462 0.636594
69.5167 -0.441248 0.00239852 0.771536 0.636453
70.2189 -0.437929 0.00307702 0.765479 0.638339
70.9282 -0.438247 0.00297442 0.762037 0.638681
71.6447 -0.438247 0.00297442 0.762037 0.638681
72.3684 -0.43986 0.00263623 0.757576 0.637995
73.0993 -0.433438 0.00288204 0.762432 0.638779
73.8377 -0.437801 0.00233596 0.758611 0.636074
74.5836 -0.437801 0.00233596 0.758611 0.636074
75.3369 -0.439865 0.00265428 0.758322 0.636252
76.0979 -0.439865 0.00265428 0.758322 0.636252
76.8666 -0.440261 0.00236659 0.752604 0.633974
77.643 -0.43563 0.002988 0.752188 0.632568
78.4273 -0.436204 0.00256671 0.752189 0.632717
79.2195 -0.435794 0.0026348 0.757238 0.633154
80.0197 -0.435761 0.00268675 0.762267 0.630857
80.8279 -0.443744 0.00214525 0.764886 0.630633
81.6444 -0.439503 0.00257637 0.764074 0.629993
82.4691 -0.438382 0.00248053 0.768535 0.630517
83.3021 -0.439045 0.00312935 0.766162 0.62866
84.1435 -0.437641 0.00225593 0.76188 0.627174
84.9935 -0.437641 0.00225593 0.76188 0.627174
85.852 -0.435852 0.00227053 0.756412 0.629366
86.7192 -0.442869 0.00227085 0.758631 0.627013
87.5951 -0.433795 0.0023813 0.756606 0.624196
88.4799 -0.435185 0.00236445 0.756101 0.625418
89.3737 -0.441209 0.00249364 0.759594 0.623651
90.2764 -0.439841 0.0026127 0.760454 0.623434
91.1883 -0.439598 0.002364 0.760709 0.624851
92.1094 -0.439598 0.002364 0.760709 0.624851
93.0398 -0.437057 0.00226752 0.762912 0.62396
93.9796 -0.436948 0.00278734 0.762514 0.626351
94.9289 -0.438812 0.00222844 0.760987 0.625587
95.8878 -0.432619 0.0028653 0.756781 0.627704
96.8563 -0.433331 0.00290996 0.758962 0.625319
97.8347 -0.437297 0.00267266 0.763224 0.624667
98.8229 -0.431552 0.00371908 0.761342 0.625686
99.8211 -0.439998 0.00234553 0.760321 0.627274
