STEP TEMP
0 2.001
1 2.00098
2 2.00093
3 2.00084
4 2.00071
5 2.00055
6 2.00035
7 2.00012
8 1.99985
9 1.99954
10 1.9992
11 1.99882
12 1.99841
13 1.99795
14 1.99746
15 1.99694
16 1.99637
17 1.99577
18 1.99512
19 1.99444
20 1.99372
21 1.99296
22 1.99215
23 1.99131
24 1.99042
25 1.98949
26 1.98852
27 1.98751
28 1.98645
29 1.98534
30 1.98419
31 1.98299
32 1.98174
33 1.98044
34 1.9791
35 1.9777
36 1.97626
37 1.97476
38 1.9732
39 1.9716
40 1.96993
41 1.96821
42 1.96643
43 1.96458
44 1.96268
45 1.96072
46 1.95869
47 1.9566
48 1.95444
49 1.95221
50 1.94991
51 1.94754
52 1.9451
53 1.94258
54 1.93999
55 1.93732
56 1.93457
57 1.93174
58 1.92883
59 1.92584
60 1.92276
61 1.91959
62 1.91633
63 1.91298
64 1.90954
65 1.906
66 1.90236
67 1.89863
68 1.89479
69 1.89086
70 1.88681
71 1.88266
72 1.87841
73 1.87404
74 1.86956
75 1.86497
76 1.86027
77 1.85544
78 1.8505
79 1.84545
80 1.84026
81 1.83496
82 1.82954
83 1.82398
84 1.81831
85 1.8125
86 1.80657
87 1.80051
88 1.79431
89 1.78799
90 1.78154
91 1.77496
92 1.76824
93 1.7614
94 1.75442
95 1.74732
96 1.74008
97 1.73272
98 1.72523
99 1.71761
100 1.70987
101 1.70201
102 1.69403
103 1.68592
104 1.6777
105 1.66937
106 1.66093
107 1.65238
108 1.64372
109 1.63496
110 1.62611
111 1.61716
112 1.60813
113 1.59901
114 1.58981
115 1.58054
116 1.57119
117 1.56179
118 1.55232
119 1.54279
120 1.53322
121 1.5236
122 1.51394
123 1.50425
124 1.49454
125 1.4848
126 1.47504
127 1.46528
128 1.45551
129 1.44574
130 1.43598
131 1.42623
132 1.4165
133 1.40679
134 1.3971
135 1.38746
136 1.37785
137 1.36828
138 1.35876
139 1.3493
140 1.33989
141 1.33055
142 1.32128
143 1.31208
144 1.30296
145 1.29392
146 1.28497
147 1.2761
148 1.26734
149 1.25867
150 1.25011
151 1.24165
152 1.23331
153 1.22509
154 1.21698
155 1.209
156 1.20115
157 1.19344
158 1.18586
159 1.17842
160 1.17112
161 1.16398
162 1.15699
163 1.15015
164 1.14348
165 1.13697
166 1.13062
167 1.12445
168 1.11845
169 1.11263
170 1.10699
171 1.10153
172 1.09626
173 1.09118
174 1.08629
175 1.08159
176 1.07709
177 1.07279
178 1.06868
179 1.06478
180 1.06108
181 1.05759
182 1.05429
183 1.0512
184 1.04832
185 1.04563
186 1.04315
187 1.04087
188 1.03878
189 1.03689
190 1.0352
191 1.03369
192 1.03237
193 1.03124
194 1.03028
195 1.0295
196 1.02889
197 1.02845
198 1.02816
199 1.02803
200 1.02805
201 1.0282
202 1.02849
203 1.02891
204 1.02945
205 1.03011
206 1.03087
207 1.03173
208 1.03268
209 1.03372
210 1.03484
211 1.03603
212 1.03729
213 1.0386
214 1.03997
215 1.04138
216 1.04282
217 1.0443
218 1.04581
219 1.04733
220 1.04887
221 1.05042
222 1.05197
223 1.05352
224 1.05507
225 1.05661
226 1.05814
227 1.05965
228 1.06115
229 1.06262
230 1.06406
231 1.06548
232 1.06687
233 1.06823
234 1.06956
235 1.07086
236 1.07212
237 1.07334
238 1.07453
239 1.07568
240 1.0768
241 1.07788
242 1.07893
243 1.07994
244 1.08091
245 1.08185
246 1.08275
247 1.08362
248 1.08446
249 1.08527
250 1.08605
251 1.0868
252 1.08752
253 1.08822
254 1.08889
255 1.08954
256 1.09016
257 1.09076
258 1.09135
259 1.09192
260 1.09247
261 1.093
262 1.09352
263 1.09403
264 1.09452
265 1.09501
266 1.09549
267 1.09595
268 1.09641
269 1.09687
270 1.09731
271 1.09775
272 1.09819
273 1.09862
274 1.09905
275 1.09948
276 1.0999
277 1.10031
278 1.10073
279 1.10114
280 1.10155
281 1.10195
282 1.10235
283 1.10274
284 1.10314
285 1.10352
286 1.1039
287 1.10428
288 1.10465
289 1.10502
290 1.10538
291 1.10574
292 1.10609
293 1.10643
294 1.10676
295 1.10709
296 1.10741
297 1.10772
298 1.10802
299 1.10831
300 1.1086
301 1.10888
302 1.10915
303 1.10941
304 1.10966
305 1.10991
306 1.11015
307 1.11038
308 1.11061
309 1.11084
310 1.11106
311 1.11127
312 1.11149
313 1.11171
314 1.11192
315 1.11214
316 1.11236
317 1.11258
318 1.11281
319 1.11304
320 1.11328
321 1.11352
322 1.11378
323 1.11404
324 1.11432
325 1.1146
326 1.1149
327 1.11521
328 1.11554
329 1.11587
330 1.11622
331 1.11659
332 1.11696
333 1.11735
334 1.11775
335 1.11816
336 1.11858
337 1.11902
338 1.11945
339 1.1199
340 1.12035
341 1.12081
342 1.12126
343 1.12172
344 1.12217
345 1.12262
346 1.12307
347 1.1235
348 1.12392
349 1.12434
350 1.12473
351 1.12511
352 1.12547
353 1.12581
354 1.12613
355 1.12642
356 1.12668
357 1.12691
358 1.12711
359 1.12728
360 1.12742
361 1.12752
362 1.12759
363 1.12761
364 1.12761
365 1.12756
366 1.12748
367 1.12736
368 1.1272
369 1.127
370 1.12676
371 1.12649
372 1.12618
373 1.12583
374 1.12545
375 1.12504
376 1.12459
377 1.12412
378 1.12361
379 1.12308
380 1.12252
381 1.12193
382 1.12132
383 1.12069
384 1.12004
385 1.11938
386 1.11869
387 1.118
388 1.1173
389 1.11658
390 1.11586
391 1.11514
392 1.11441
393 1.11368
394 1.11294
395 1.11222
396 1.11149
397 1.11077
398 1.11006
399 1.10936
400 1.10867
401 1.10799
402 1.10733
403 1.10668
404 1.10605
405 1.10543
406 1.10483
407 1.10426
408 1.10371
409 1.10317
410 1.10267
411 1.10218
412 1.10172
413 1.10129
414 1.10089
415 1.10051
416 1.10016
417 1.09985
418 1.09956
419 1.0993
420 1.09908
421 1.09889
422 1.09873
423 1.09861
424 1.09852
425 1.09847
426 1.09846
427 1.09848
428 1.09854
429 1.09865
430 1.09879
431 1.09898
432 1.09921
433 1.09948
434 1.0998
435 1.10017
436 1.10058
437 1.10104
438 1.10155
439 1.10211
440 1.10273
441 1.10339
442 1.1041
443 1.10487
444 1.10569
445 1.10656
446 1.10749
447 1.10847
448 1.10951
449 1.1106
450 1.11174
451 1.11293
452 1.11418
453 1.11547
454 1.11682
455 1.11821
456 1.11965
457 1.12114
458 1.12266
459 1.12423
460 1.12584
461 1.12748
462 1.12916
463 1.13086
464 1.1326
465 1.13436
466 1.13614
467 1.13794
468 1.13976
469 1.14158
470 1.14342
471 1.14526
472 1.14711
473 1.14895
474 1.15078
475 1.15261
476 1.15443
477 1.15623
478 1.15802
479 1.15979
480 1.16153
481 1.16325
482 1.16494
483 1.1666
484 1.16823
485 1.16982
486 1.17138
487 1.1729
488 1.17438
489 1.17582
490 1.17721
491 1.17857
492 1.17988
493 1.18114
494 1.18235
495 1.18353
496 1.18465
497 1.18573
498 1.18676
499 1.18774
500 1.18868
501 1.18957
502 1.19042
503 1.19122
504 1.19198
505 1.19269
506 1.19336
507 1.19399
508 1.19457
509 1.19512
510 1.19563
511 1.19609
512 1.19652
513 1.19692
514 1.19728
515 1.1976
516 1.1979
517 1.19816
518 1.19839
519 1.19859
520 1.19876
521 1.19891
522 1.19902
523 1.19912
524 1.19919
525 1.19924
526 1.19926
527 1.19927
528 1.19925
529 1.19922
530 1.19916
531 1.19909
532 1.19901
533 1.19891
534 1.19879
535 1.19866
536 1.19852
537 1.19837
538 1.1982
539 1.19802
540 1.19783
541 1.19764
542 1.19743
543 1.19721
544 1.19698
545 1.19675
546 1.19651
547 1.19626
548 1.196
549 1.19573
550 1.19546
551 1.19518
552 1.1949
553 1.19461
554 1.19431
555 1.194
556 1.19369
557 1.19337
558 1.19304
559 1.19271
560 1.19236
561 1.19201
562 1.19166
563 1.19129
564 1.19092
565 1.19053
566 1.19014
567 1.18974
568 1.18933
569 1.1889
570 1.18847
571 1.18803
572 1.18757
573 1.1871
574 1.18662
575 1.18613
576 1.18562
577 1.1851
578 1.18456
579 1.18401
580 1.18344
581 1.18285
582 1.18225
583 1.18164
584 1.181
585 1.18035
586 1.17968
587 1.17899
588 1.17828
589 1.17755
590 1.17681
591 1.17604
592 1.17525
593 1.17445
594 1.17362
595 1.17278
596 1.17191
597 1.17103
598 1.17012
599 1.1692
600 1.16826
601 1.16729
602 1.16632
603 1.16532
604 1.1643
605 1.16327
606 1.16223
607 1.16117
608 1.16009
609 1.159
610 1.15789
611 1.15678
612 1.15565
613 1.15451
614 1.15336
615 1.1522
616 1.15103
617 1.14986
618 1.14868
619 1.14749
620 1.1463
621 1.1451
622 1.1439
623 1.1427
624 1.14149
625 1.14028
626 1.13907
627 1.13786
628 1.13665
629 1.13544
630 1.13422
631 1.13301
632 1.1318
633 1.13059
634 1.12938
635 1.12817
636 1.12695
637 1.12574
638 1.12453
639 1.12332
640 1.12211
641 1.1209
642 1.11969
643 1.11847
644 1.11726
645 1.11604
646 1.11482
647 1.1136
648 1.11237
649 1.11115
650 1.10992
651 1.10868
652 1.10745
653 1.10621
654 1.10496
655 1.10372
656 1.10247
657 1.10122
658 1.09996
659 1.0987
660 1.09744
661 1.09618
662 1.09492
663 1.09366
664 1.0924
665 1.09114
666 1.08989
667 1.08863
668 1.08739
669 1.08615
670 1.08492
671 1.0837
672 1.08249
673 1.08129
674 1.08011
675 1.07894
676 1.07779
677 1.07666
678 1.07555
679 1.07447
680 1.07341
681 1.07238
682 1.07137
683 1.0704
684 1.06946
685 1.06855
686 1.06768
687 1.06684
688 1.06605
689 1.06529
690 1.06458
691 1.06391
692 1.06328
693 1.0627
694 1.06217
695 1.06168
696 1.06125
697 1.06086
698 1.06052
699 1.06024
700 1.06
701 1.05982
702 1.05968
703 1.0596
704 1.05957
705 1.0596
706 1.05967
707 1.0598
708 1.05998
709 1.06021
710 1.06049
711 1.06082
712 1.0612
713 1.06163
714 1.06211
715 1.06263
716 1.06321
717 1.06382
718 1.06448
719 1.06518
720 1.06593
721 1.06671
722 1.06753
723 1.06839
724 1.06929
725 1.07022
726 1.07118
727 1.07217
728 1.0732
729 1.07425
730 1.07533
731 1.07643
732 1.07755
733 1.07869
734 1.07986
735 1.08104
736 1.08223
737 1.08344
738 1.08467
739 1.0859
740 1.08714
741 1.08839
742 1.08964
743 1.0909
744 1.09216
745 1.09342
746 1.09468
747 1.09594
748 1.09719
749 1.09844
750 1.09969
751 1.10092
752 1.10215
753 1.10337
754 1.10457
755 1.10577
756 1.10695
757 1.10812
758 1.10927
759 1.11041
760 1.11153
761 1.11264
762 1.11372
763 1.11479
764 1.11584
765 1.11687
766 1.11787
767 1.11886
768 1.11982
769 1.12076
770 1.12168
771 1.12257
772 1.12344
773 1.12428
774 1.1251
775 1.12589
776 1.12666
777 1.12739
778 1.1281
779 1.12878
780 1.12943
781 1.13005
782 1.13063
783 1.13119
784 1.13171
785 1.13219
786 1.13265
787 1.13306
788 1.13344
789 1.13378
790 1.13409
791 1.13435
792 1.13458
793 1.13476
794 1.13491
795 1.135
796 1.13506
797 1.13507
798 1.13504
799 1.13497
800 1.13484
801 1.13467
802 1.13446
803 1.1342
804 1.13389
805 1.13354
806 1.13314
807 1.1327
808 1.13221
809 1.13168
810 1.1311
811 1.13049
812 1.12983
813 1.12914
814 1.1284
815 1.12764
816 1.12684
817 1.12601
818 1.12515
819 1.12427
820 1.12336
821 1.12243
822 1.12149
823 1.12054
824 1.11957
825 1.11861
826 1.11763
827 1.11666
828 1.1157
829 1.11474
830 1.1138
831 1.11287
832 1.11196
833 1.11107
834 1.11021
835 1.10937
836 1.10856
837 1.10779
838 1.10705
839 1.10635
840 1.10568
841 1.10506
842 1.10447
843 1.10393
844 1.10343
845 1.10297
846 1.10255
847 1.10216
848 1.10182
849 1.10152
850 1.10124
851 1.10101
852 1.1008
853 1.10062
854 1.10047
855 1.10034
856 1.10024
857 1.10015
858 1.10007
859 1.10001
860 1.09995
861 1.0999
862 1.09985
863 1.09981
864 1.09975
865 1.09969
866 1.09962
867 1.09954
868 1.09945
869 1.09934
870 1.09921
871 1.09906
872 1.09889
873 1.0987
874 1.09849
875 1.09825
876 1.09798
877 1.09769
878 1.09738
879 1.09703
880 1.09666
881 1.09627
882 1.09585
883 1.0954
884 1.09493
885 1.09444
886 1.09393
887 1.09339
888 1.09283
889 1.09226
890 1.09167
891 1.09106
892 1.09043
893 1.0898
894 1.08915
895 1.08849
896 1.08782
897 1.08715
898 1.08647
899 1.08578
900 1.0851
901 1.08441
902 1.08372
903 1.08304
904 1.08235
905 1.08167
906 1.08099
907 1.08032
908 1.07966
909 1.079
910 1.07835
911 1.07771
912 1.07707
913 1.07645
914 1.07584
915 1.07524
916 1.07464
917 1.07406
918 1.07349
919 1.07293
920 1.07239
921 1.07185
922 1.07133
923 1.07082
924 1.07033
925 1.06984
926 1.06937
927 1.06892
928 1.06848
929 1.06805
930 1.06764
931 1.06724
932 1.06686
933 1.0665
934 1.06615
935 1.06582
936 1.06551
937 1.06522
938 1.06496
939 1.06471
940 1.06448
941 1.06428
942 1.0641
943 1.06394
944 1.06381
945 1.06371
946 1.06363
947 1.06358
948 1.06356
949 1.06356
950 1.06359
951 1.06365
952 1.06373
953 1.06384
954 1.06398
955 1.06414
956 1.06433
957 1.06454
958 1.06478
959 1.06504
960 1.06531
961 1.06561
962 1.06592
963 1.06625
964 1.0666
965 1.06695
966 1.06731
967 1.06768
968 1.06806
969 1.06844
970 1.06881
971 1.06919
972 1.06956
973 1.06992
974 1.07028
975 1.07062
976 1.07095
977 1.07126
978 1.07155
979 1.07183
980 1.07208
981 1.07231
982 1.07251
983 1.07268
984 1.07282
985 1.07294
986 1.07301
987 1.07306
988 1.07307
989 1.07304
990 1.07298
991 1.07288
992 1.07274
993 1.07256
994 1.07234
995 1.07208
996 1.07177
997 1.07143
998 1.07104
999 1.07061
1000 1.07014
1001 1.06963
1002 1.06907
1003 1.06847
1004 1.06782
1005 1.06714
1006 1.06641
1007 1.06564
1008 1.06483
1009 1.06399
1010 1.0631
1011 1.06218
1012 1.06121
1013 1.06022
1014 1.05918
1015 1.05812
1016 1.05702
1017 1.05589
1018 1.05474
1019 1.05355
1020 1.05234
1021 1.05111
1022 1.04985
1023 1.04858
1024 1.04729
1025 1.04598
1026 1.04466
1027 1.04333
1028 1.04199
1029 1.04064
1030 1.03929
1031 1.03793
1032 1.03658
1033 1.03523
1034 1.03389
1035 1.03255
1036 1.03121
1037 1.02989
1038 1.02858
1039 1.02728
1040 1.02599
1041 1.02472
1042 1.02346
1043 1.02222
1044 1.021
1045 1.0198
1046 1.01862
1047 1.01746
1048 1.01631
1049 1.01519
1050 1.01409
1051 1.013
1052 1.01194
1053 1.01089
1054 1.00987
1055 1.00886
1056 1.00787
1057 1.00689
1058 1.00594
1059 1.005
1060 1.00407
1061 1.00317
1062 1.00228
1063 1.0014
1064 1.00054
1065 0.999696
1066 0.998868
1067 0.998055
1068 0.997258
1069 0.996478
1070 0.995715
1071 0.994969
1072 0.994241
1073 0.993533
1074 0.992844
1075 0.992175
1076 0.991529
1077 0.990906
1078 0.990308
1079 0.989736
1080 0.989191
1081 0.988675
1082 0.988189
1083 0.987735
1084 0.987314
1085 0.986928
1086 0.986578
1087 0.986265
1088 0.985991
1089 0.985757
1090 0.985567
1091 0.98542
1092 0.985318
1093 0.985261
1094 0.985251
1095 0.985288
1096 0.985374
1097 0.98551
1098 0.985696
1099 0.985934
1100 0.986222
1101 0.986562
1102 0.986954
1103 0.987398
1104 0.987895
1105 0.988443
1106 0.989044
1107 0.989696
1108 0.9904
1109 0.991154
1110 0.991959
1111 0.992814
1112 0.993717
1113 0.994669
1114 0.995667
1115 0.996712
1116 0.997803
1117 0.998939
1118 1.00012
1119 1.00134
1120 1.0026
1121 1.0039
1122 1.00524
1123 1.00662
1124 1.00803
1125 1.00947
1126 1.01095
1127 1.01246
1128 1.014
1129 1.01556
1130 1.01716
1131 1.01878
1132 1.02042
1133 1.02208
1134 1.02377
1135 1.02547
1136 1.0272
1137 1.02894
1138 1.03069
1139 1.03246
1140 1.03424
1141 1.03604
1142 1.03784
1143 1.03966
1144 1.04148
1145 1.04331
1146 1.04515
1147 1.04699
1148 1.04884
1149 1.05069
1150 1.05254
1151 1.0544
1152 1.05626
1153 1.05812
1154 1.05998
1155 1.06184
1156 1.0637
1157 1.06556
1158 1.06743
1159 1.06929
1160 1.07115
1161 1.07301
1162 1.07487
1163 1.07673
1164 1.07859
1165 1.08045
1166 1.08231
1167 1.08416
1168 1.08602
1169 1.08788
1170 1.08974
1171 1.0916
1172 1.09346
1173 1.09532
1174 1.09719
1175 1.09905
1176 1.10091
1177 1.10277
1178 1.10463
1179 1.10649
1180 1.10835
1181 1.11021
1182 1.11206
1183 1.11391
1184 1.11576
1185 1.1176
1186 1.11944
1187 1.12127
1188 1.12309
1189 1.1249
1190 1.12671
1191 1.1285
1192 1.13027
1193 1.13204
1194 1.13378
1195 1.13551
1196 1.13722
1197 1.1389
1198 1.14056
1199 1.1422
1200 1.14381
1201 1.1454
1202 1.14695
1203 1.14848
1204 1.14997
1205 1.15143
1206 1.15286
1207 1.15425
1208 1.1556
1209 1.15692
1210 1.1582
1211 1.15943
1212 1.16063
1213 1.16178
1214 1.1629
1215 1.16397
1216 1.165
1217 1.16598
1218 1.16693
1219 1.16783
1220 1.16869
1221 1.1695
1222 1.17028
1223 1.17101
1224 1.1717
1225 1.17236
1226 1.17297
1227 1.17355
1228 1.17409
1229 1.17459
1230 1.17506
1231 1.1755
1232 1.1759
1233 1.17627
1234 1.17661
1235 1.17693
1236 1.17722
1237 1.17748
1238 1.17772
1239 1.17794
1240 1.17814
1241 1.17832
1242 1.17848
1243 1.17863
1244 1.17876
1245 1.17888
1246 1.17899
1247 1.17908
1248 1.17917
1249 1.17924
1250 1.17931
1251 1.17937
1252 1.17942
1253 1.17947
1254 1.17952
1255 1.17956
1256 1.17959
1257 1.17963
1258 1.17965
1259 1.17968
1260 1.1797
1261 1.17972
1262 1.17974
1263 1.17976
1264 1.17977
1265 1.17977
1266 1.17978
1267 1.17978
1268 1.17977
1269 1.17976
1270 1.17974
1271 1.17972
1272 1.17969
1273 1.17966
1274 1.17962
1275 1.17957
1276 1.17951
1277 1.17944
1278 1.17936
1279 1.17928
1280 1.17919
1281 1.17908
1282 1.17897
1283 1.17884
1284 1.17871
1285 1.17857
1286 1.17841
1287 1.17825
1288 1.17808
1289 1.1779
1290 1.17771
1291 1.17752
1292 1.17732
1293 1.17711
1294 1.17689
1295 1.17667
1296 1.17645
1297 1.17622
1298 1.17599
1299 1.17576
1300 1.17553
1301 1.1753
1302 1.17507
1303 1.17484
1304 1.17462
1305 1.1744
1306 1.17418
1307 1.17397
1308 1.17377
1309 1.17357
1310 1.17339
1311 1.17321
1312 1.17304
1313 1.17288
1314 1.17272
1315 1.17258
1316 1.17245
1317 1.17232
1318 1.17221
1319 1.1721
1320 1.172
1321 1.17191
1322 1.17183
1323 1.17175
1324 1.17168
1325 1.17162
1326 1.17156
1327 1.17151
1328 1.17146
1329 1.17141
1330 1.17136
1331 1.17131
1332 1.17126
1333 1.1712
1334 1.17115
1335 1.17109
1336 1.17102
1337 1.17096
1338 1.17088
1339 1.1708
1340 1.17071
1341 1.17061
1342 1.17051
1343 1.1704
1344 1.17027
1345 1.17014
1346 1.17
1347 1.16985
1348 1.16969
1349 1.16953
1350 1.16935
1351 1.16917
1352 1.16898
1353 1.16878
1354 1.16858
1355 1.16837
1356 1.16815
1357 1.16794
1358 1.16772
1359 1.16749
1360 1.16727
1361 1.16705
1362 1.16683
1363 1.16661
1364 1.16639
1365 1.16618
1366 1.16598
1367 1.16579
1368 1.1656
1369 1.16543
1370 1.16527
1371 1.16512
1372 1.16498
1373 1.16486
1374 1.16476
1375 1.16468
1376 1.16461
1377 1.16457
1378 1.16455
1379 1.16454
1380 1.16457
1381 1.16461
1382 1.16469
1383 1.16478
1384 1.16491
1385 1.16506
1386 1.16524
1387 1.16544
1388 1.16567
1389 1.16594
1390 1.16623
1391 1.16654
1392 1.16689
1393 1.16727
1394 1.16767
1395 1.1681
1396 1.16856
1397 1.16904
1398 1.16955
1399 1.17009
1400 1.17065
1401 1.17123
1402 1.17183
1403 1.17246
1404 1.1731
1405 1.17376
1406 1.17444
1407 1.17513
1408 1.17584
1409 1.17656
1410 1.17729
1411 1.17803
1412 1.17877
1413 1.17952
1414 1.18028
1415 1.18103
1416 1.18178
1417 1.18253
1418 1.18328
1419 1.18402
1420 1.18475
1421 1.18547
1422 1.18618
1423 1.18687
1424 1.18755
1425 1.18821
1426 1.18885
1427 1.18946
1428 1.19006
1429 1.19062
1430 1.19116
1431 1.19167
1432 1.19215
1433 1.1926
1434 1.19302
1435 1.1934
1436 1.19374
1437 1.19405
1438 1.19431
1439 1.19455
1440 1.19474
1441 1.19489
1442 1.195
1443 1.19506
1444 1.19509
1445 1.19507
1446 1.19502
1447 1.19492
1448 1.19477
1449 1.19459
1450 1.19436
1451 1.19409
1452 1.19378
1453 1.19343
1454 1.19304
1455 1.19261
1456 1.19215
1457 1.19164
1458 1.1911
1459 1.19052
1460 1.18991
1461 1.18927
1462 1.1886
1463 1.1879
1464 1.18717
1465 1.18641
1466 1.18563
1467 1.18482
1468 1.18399
1469 1.18314
1470 1.18228
1471 1.18139
1472 1.1805
1473 1.17959
1474 1.17867
1475 1.17774
1476 1.17681
1477 1.17587
1478 1.17493
1479 1.17399
1480 1.17305
1481 1.17212
1482 1.17119
1483 1.17027
1484 1.16936
1485 1.16846
1486 1.16758
1487 1.16671
1488 1.16587
1489 1.16504
1490 1.16423
1491 1.16345
1492 1.16269
1493 1.16196
1494 1.16126
1495 1.16059
1496 1.15995
1497 1.15934
1498 1.15877
1499 1.15823
1500 1.15772
1501 1.15725
1502 1.15682
1503 1.15643
1504 1.15607
1505 1.15576
1506 1.15548
1507 1.15524
1508 1.15504
1509 1.15488
1510 1.15476
1511 1.15467
1512 1.15463
1513 1.15462
1514 1.15464
1515 1.1547
1516 1.1548
1517 1.15492
1518 1.15508
1519 1.15526
1520 1.15548
1521 1.15572
1522 1.15598
1523 1.15627
1524 1.15658
1525 1.1569
1526 1.15725
1527 1.15761
1528 1.15798
1529 1.15836
1530 1.15876
1531 1.15916
1532 1.15956
1533 1.15998
1534 1.16039
1535 1.1608
1536 1.16121
1537 1.16162
1538 1.16203
1539 1.16243
1540 1.16282
1541 1.1632
1542 1.16357
1543 1.16394
1544 1.16429
1545 1.16462
1546 1.16494
1547 1.16525
1548 1.16554
1549 1.16582
1550 1.16608
1551 1.16633
1552 1.16655
1553 1.16676
1554 1.16695
1555 1.16712
1556 1.16727
1557 1.16741
1558 1.16752
1559 1.16762
1560 1.1677
1561 1.16776
1562 1.1678
1563 1.16783
1564 1.16784
1565 1.16783
1566 1.1678
1567 1.16776
1568 1.1677
1569 1.16763
1570 1.16755
1571 1.16745
1572 1.16733
1573 1.16721
1574 1.16708
1575 1.16693
1576 1.16678
1577 1.16661
1578 1.16644
1579 1.16627
1580 1.16609
1581 1.1659
1582 1.16572
1583 1.16553
1584 1.16534
1585 1.16515
1586 1.16496
1587 1.16478
1588 1.1646
1589 1.16443
1590 1.16426
1591 1.16411
1592 1.16396
1593 1.16383
1594 1.16371
1595 1.1636
1596 1.16351
1597 1.16343
1598 1.16338
1599 1.16334
1600 1.16332
1601 1.16332
1602 1.16334
1603 1.16338
1604 1.16345
1605 1.16354
1606 1.16365
1607 1.16378
1608 1.16394
1609 1.16413
1610 1.16433
1611 1.16456
1612 1.16482
1613 1.1651
1614 1.1654
1615 1.16572
1616 1.16607
1617 1.16644
1618 1.16683
1619 1.16723
1620 1.16766
1621 1.16811
1622 1.16857
1623 1.16904
1624 1.16953
1625 1.17003
1626 1.17054
1627 1.17107
1628 1.1716
1629 1.17213
1630 1.17268
1631 1.17322
1632 1.17377
1633 1.17432
1634 1.17487
1635 1.17542
1636 1.17596
1637 1.1765
1638 1.17704
1639 1.17757
1640 1.17809
1641 1.1786
1642 1.1791
1643 1.17959
1644 1.18007
1645 1.18053
1646 1.18098
1647 1.18142
1648 1.18184
1649 1.18225
1650 1.18265
1651 1.18302
1652 1.18338
1653 1.18373
1654 1.18406
1655 1.18437
1656 1.18466
1657 1.18495
1658 1.18521
1659 1.18546
1660 1.18569
1661 1.18591
1662 1.18611
1663 1.1863
1664 1.18648
1665 1.18664
1666 1.18679
1667 1.18693
1668 1.18706
1669 1.18718
1670 1.18729
1671 1.18739
1672 1.18748
1673 1.18756
1674 1.18764
1675 1.18771
1676 1.18778
1677 1.18785
1678 1.18791
1679 1.18797
1680 1.18802
1681 1.18808
1682 1.18814
1683 1.1882
1684 1.18826
1685 1.18832
1686 1.18839
1687 1.18846
1688 1.18853
1689 1.18861
1690 1.1887
1691 1.1888
1692 1.1889
1693 1.18901
1694 1.18914
1695 1.18927
1696 1.18941
1697 1.18957
1698 1.18973
1699 1.18991
1700 1.1901
1701 1.19031
1702 1.19052
1703 1.19076
1704 1.191
1705 1.19126
1706 1.19154
1707 1.19183
1708 1.19213
1709 1.19246
1710 1.19279
1711 1.19314
1712 1.19351
1713 1.1939
1714 1.19429
1715 1.19471
1716 1.19513
1717 1.19558
1718 1.19603
1719 1.1965
1720 1.19698
1721 1.19748
1722 1.19798
1723 1.1985
1724 1.19903
1725 1.19956
1726 1.20011
1727 1.20066
1728 1.20122
1729 1.20178
1730 1.20235
1731 1.20292
1732 1.2035
1733 1.20407
1734 1.20465
1735 1.20522
1736 1.20579
1737 1.20635
1738 1.20691
1739 1.20746
1740 1.208
1741 1.20854
1742 1.20906
1743 1.20957
1744 1.21007
1745 1.21055
1746 1.21101
1747 1.21146
1748 1.21188
1749 1.21229
1750 1.21267
1751 1.21304
1752 1.21337
1753 1.21368
1754 1.21397
1755 1.21422
1756 1.21445
1757 1.21465
1758 1.21482
1759 1.21495
1760 1.21506
1761 1.21513
1762 1.21516
1763 1.21516
1764 1.21513
1765 1.21506
1766 1.21496
1767 1.21482
1768 1.21464
1769 1.21443
1770 1.21418
1771 1.21389
1772 1.21357
1773 1.2132
1774 1.21281
1775 1.21237
1776 1.2119
1777 1.21139
1778 1.21084
1779 1.21026
1780 1.20964
1781 1.20899
1782 1.2083
1783 1.20757
1784 1.20681
1785 1.20601
1786 1.20518
1787 1.20432
1788 1.20342
1789 1.20249
1790 1.20152
1791 1.20052
1792 1.19949
1793 1.19843
1794 1.19733
1795 1.1962
1796 1.19504
1797 1.19385
1798 1.19262
1799 1.19136
1800 1.19007
1801 1.18875
1802 1.1874
1803 1.18601
1804 1.18459
1805 1.18313
1806 1.18165
1807 1.18013
1808 1.17857
1809 1.17698
1810 1.17535
1811 1.17369
1812 1.172
1813 1.17026
1814 1.16849
1815 1.16668
1816 1.16483
1817 1.16294
1818 1.16101
1819 1.15904
1820 1.15702
1821 1.15497
1822 1.15287
1823 1.15072
1824 1.14853
1825 1.1463
1826 1.14402
1827 1.14169
1828 1.13931
1829 1.13689
1830 1.13441
1831 1.13189
1832 1.12932
1833 1.1267
1834 1.12403
1835 1.12131
1836 1.11855
1837 1.11573
1838 1.11286
1839 1.10995
1840 1.10699
1841 1.10398
1842 1.10093
1843 1.09783
1844 1.09469
1845 1.0915
1846 1.08827
1847 1.085
1848 1.0817
1849 1.07835
1850 1.07498
1851 1.07157
1852 1.06813
1853 1.06466
1854 1.06117
1855 1.05766
1856 1.05413
1857 1.05059
1858 1.04703
1859 1.04347
1860 1.0399
1861 1.03634
1862 1.03278
1863 1.02924
1864 1.0257
1865 1.02219
1866 1.0187
1867 1.01524
1868 1.01182
1869 1.00843
1870 1.00509
1871 1.0018
1872 0.998566
1873 0.995392
1874 0.992284
1875 0.989246
1876 0.986283
1877 0.983401
1878 0.980602
1879 0.977893
1880 0.975277
1881 0.972757
1882 0.970337
1883 0.968021
1884 0.965811
1885 0.963709
1886 0.961718
1887 0.959839
1888 0.958074
1889 0.956423
1890 0.954888
1891 0.953469
1892 0.952165
1893 0.950977
1894 0.949904
1895 0.948945
1896 0.948101
1897 0.947368
1898 0.946747
1899 0.946236
1900 0.945834
1901 0.945538
1902 0.945348
1903 0.945263
1904 0.94528
1905 0.945398
1906 0.945618
1907 0.945936
1908 0.946353
1909 0.946868
1910 0.947479
1911 0.948186
1912 0.948989
1913 0.949887
1914 0.950879
1915 0.951967
1916 0.953149
1917 0.954425
1918 0.955796
1919 0.957261
1920 0.958821
1921 0.960477
1922 0.962227
1923 0.964072
1924 0.966013
1925 0.968047
1926 0.970176
1927 0.972398
1928 0.974714
1929 0.977124
1930 0.979625
1931 0.982217
1932 0.984899
1933 0.98767
1934 0.990528
1935 0.993473
1936 0.9965
1937 0.999609
1938 1.0028
1939 1.00606
1940 1.0094
1941 1.01281
1942 1.01628
1943 1.01982
1944 1.02342
1945 1.02707
1946 1.03078
1947 1.03453
1948 1.03833
1949 1.04217
1950 1.04604
1951 1.04994
1952 1.05386
1953 1.0578
1954 1.06176
1955 1.06573
1956 1.0697
1957 1.07367
1958 1.07764
1959 1.08159
1960 1.08553
1961 1.08945
1962 1.09334
1963 1.0972
1964 1.10102
1965 1.1048
1966 1.10854
1967 1.11223
1968 1.11586
1969 1.11944
1970 1.12295
1971 1.1264
1972 1.12978
1973 1.13308
1974 1.13631
1975 1.13946
1976 1.14253
1977 1.14551
1978 1.14841
1979 1.15121
1980 1.15392
1981 1.15654
1982 1.15906
1983 1.16149
1984 1.16381
1985 1.16604
1986 1.16816
1987 1.17018
1988 1.1721
1989 1.17392
1990 1.17564
1991 1.17725
1992 1.17875
1993 1.18016
1994 1.18146
1995 1.18266
1996 1.18376
1997 1.18476
1998 1.18566
1999 1.18646
2000 1.18716
2001 1.18777
2002 1.18828
2003 1.18871
2004 1.18904
2005 1.18928
2006 1.18944
2007 1.18951
2008 1.1895
2009 1.18941
2010 1.18923
2011 1.18899
2012 1.18867
2013 1.18827
2014 1.18781
2015 1.18728
2016 1.18668
2017 1.18602
2018 1.1853
2019 1.18452
2020 1.18369
2021 1.1828
2022 1.18185
2023 1.18085
2024 1.17981
2025 1.17872
2026 1.17758
2027 1.1764
2028 1.17517
2029 1.17391
2030 1.1726
2031 1.17126
2032 1.16988
2033 1.16846
2034 1.16701
2035 1.16552
2036 1.16401
2037 1.16246
2038 1.16088
2039 1.15927
2040 1.15763
2041 1.15597
2042 1.15427
2043 1.15256
2044 1.15081
2045 1.14904
2046 1.14725
2047 1.14543
2048 1.1436
2049 1.14174
2050 1.13986
2051 1.13797
2052 1.13605
2053 1.13413
2054 1.13218
2055 1.13023
2056 1.12826
2057 1.12629
2058 1.12431
2059 1.12232
2060 1.12033
2061 1.11834
2062 1.11635
2063 1.11436
2064 1.11238
2065 1.11041
2066 1.10845
2067 1.1065
2068 1.10457
2069 1.10266
2070 1.10077
2071 1.0989
2072 1.09707
2073 1.09526
2074 1.0935
2075 1.09176
2076 1.09008
2077 1.08843
2078 1.08683
2079 1.08529
2080 1.0838
2081 1.08236
2082 1.08099
2083 1.07968
2084 1.07844
2085 1.07727
2086 1.07617
2087 1.07514
2088 1.07419
2089 1.07333
2090 1.07254
2091 1.07184
2092 1.07122
2093 1.07069
2094 1.07025
2095 1.06991
2096 1.06965
2097 1.06949
2098 1.06942
2099 1.06945
2100 1.06957
2101 1.06979
2102 1.07011
2103 1.07051
2104 1.07102
2105 1.07161
2106 1.0723
2107 1.07308
2108 1.07395
2109 1.07491
2110 1.07596
2111 1.07709
2112 1.07831
2113 1.07961
2114 1.08099
2115 1.08244
2116 1.08397
2117 1.08557
2118 1.08724
2119 1.08897
2120 1.09077
2121 1.09262
2122 1.09453
2123 1.09649
2124 1.0985
2125 1.10055
2126 1.10264
2127 1.10477
2128 1.10693
2129 1.10913
2130 1.11135
2131 1.11359
2132 1.11585
2133 1.11813
2134 1.12042
2135 1.12272
2136 1.12502
2137 1.12733
2138 1.12963
2139 1.13192
2140 1.13421
2141 1.13648
2142 1.13874
2143 1.14098
2144 1.1432
2145 1.14538
2146 1.14755
2147 1.14968
2148 1.15177
2149 1.15383
2150 1.15585
2151 1.15782
2152 1.15975
2153 1.16164
2154 1.16347
2155 1.16525
2156 1.16698
2157 1.16865
2158 1.17027
2159 1.17183
2160 1.17332
2161 1.17475
2162 1.17612
2163 1.17742
2164 1.17866
2165 1.17983
2166 1.18093
2167 1.18197
2168 1.18293
2169 1.18382
2170 1.18465
2171 1.1854
2172 1.18608
2173 1.18669
2174 1.18723
2175 1.1877
2176 1.18809
2177 1.18842
2178 1.18868
2179 1.18887
2180 1.18899
2181 1.18905
2182 1.18904
2183 1.18896
2184 1.18882
2185 1.18862
2186 1.18836
2187 1.18804
2188 1.18766
2189 1.18722
2190 1.18673
2191 1.18619
2192 1.18559
2193 1.18495
2194 1.18425
2195 1.18351
2196 1.18273
2197 1.18191
2198 1.18105
2199 1.18015
2200 1.17922
2201 1.17825
2202 1.17725
2203 1.17623
2204 1.17518
2205 1.17411
2206 1.17302
2207 1.1719
2208 1.17078
2209 1.16963
2210 1.16848
2211 1.16732
2212 1.16614
2213 1.16497
2214 1.16379
2215 1.16261
2216 1.16143
2217 1.16026
2218 1.15909
2219 1.15793
2220 1.15677
2221 1.15563
2222 1.1545
2223 1.15339
2224 1.15229
2225 1.15121
2226 1.15015
2227 1.14911
2228 1.14809
2229 1.14709
2230 1.14612
2231 1.14516
2232 1.14424
2233 1.14334
2234 1.14247
2235 1.14162
2236 1.1408
2237 1.14
2238 1.13924
2239 1.1385
2240 1.13778
2241 1.1371
2242 1.13644
2243 1.1358
2244 1.13519
2245 1.13461
2246 1.13404
2247 1.1335
2248 1.13299
2249 1.13249
2250 1.13201
2251 1.13155
2252 1.1311
2253 1.13068
2254 1.13026
2255 1.12986
2256 1.12947
2257 1.1291
2258 1.12873
2259 1.12837
2260 1.12801
2261 1.12766
2262 1.12731
2263 1.12697
2264 1.12662
2265 1.12627
2266 1.12593
2267 1.12558
2268 1.12522
2269 1.12486
2270 1.12449
2271 1.12412
2272 1.12374
2273 1.12335
2274 1.12295
2275 1.12253
2276 1.12211
2277 1.12167
2278 1.12123
2279 1.12077
2280 1.1203
2281 1.11982
2282 1.11932
2283 1.11881
2284 1.1183
2285 1.11777
2286 1.11722
2287 1.11667
2288 1.11611
2289 1.11554
2290 1.11496
2291 1.11437
2292 1.11377
2293 1.11317
2294 1.11256
2295 1.11195
2296 1.11133
2297 1.11072
2298 1.1101
2299 1.10948
2300 1.10887
2301 1.10825
2302 1.10765
2303 1.10704
2304 1.10645
2305 1.10586
2306 1.10528
2307 1.10472
2308 1.10416
2309 1.10362
2310 1.10309
2311 1.10258
2312 1.10209
2313 1.10161
2314 1.10115
2315 1.10071
2316 1.10029
2317 1.09989
2318 1.09951
2319 1.09915
2320 1.09881
2321 1.0985
2322 1.09821
2323 1.09794
2324 1.09769
2325 1.09747
2326 1.09726
2327 1.09708
2328 1.09692
2329 1.09679
2330 1.09667
2331 1.09657
2332 1.09649
2333 1.09643
2334 1.09639
2335 1.09636
2336 1.09635
2337 1.09636
2338 1.09638
2339 1.09641
2340 1.09646
2341 1.09651
2342 1.09658
2343 1.09666
2344 1.09675
2345 1.09684
2346 1.09695
2347 1.09705
2348 1.09717
2349 1.09729
2350 1.09741
2351 1.09753
2352 1.09766
2353 1.09779
2354 1.09791
2355 1.09804
2356 1.09817
2357 1.0983
2358 1.09842
2359 1.09854
2360 1.09866
2361 1.09878
2362 1.0989
2363 1.09901
2364 1.09912
2365 1.09922
2366 1.09933
2367 1.09943
2368 1.09952
2369 1.09962
2370 1.09971
2371 1.0998
2372 1.09988
2373 1.09997
2374 1.10005
2375 1.10014
2376 1.10022
2377 1.10031
2378 1.10039
2379 1.10048
2380 1.10058
2381 1.10068
2382 1.10078
2383 1.10089
2384 1.10101
2385 1.10115
2386 1.10129
2387 1.10144
2388 1.1016
2389 1.10178
2390 1.10197
2391 1.10218
2392 1.1024
2393 1.10265
2394 1.1029
2395 1.10318
2396 1.10348
2397 1.1038
2398 1.10415
2399 1.10451
2400 1.1049
2401 1.10532
2402 1.10575
2403 1.10621
2404 1.10669
2405 1.1072
2406 1.10773
2407 1.10829
2408 1.10886
2409 1.10946
2410 1.11008
2411 1.11072
2412 1.11139
2413 1.11207
2414 1.11277
2415 1.11348
2416 1.11421
2417 1.11496
2418 1.11572
2419 1.11649
2420 1.11727
2421 1.11807
2422 1.11887
2423 1.11967
2424 1.12048
2425 1.1213
2426 1.12212
2427 1.12293
2428 1.12375
2429 1.12457
2430 1.12538
2431 1.1262
2432 1.127
2433 1.1278
2434 1.1286
2435 1.12939
2436 1.13017
2437 1.13095
2438 1.13171
2439 1.13247
2440 1.13322
2441 1.13396
2442 1.13469
2443 1.13541
2444 1.13612
2445 1.13682
2446 1.13751
2447 1.13819
2448 1.13886
2449 1.13952
2450 1.14017
2451 1.14081
2452 1.14144
2453 1.14206
2454 1.14267
2455 1.14327
2456 1.14386
2457 1.14444
2458 1.14501
2459 1.14557
2460 1.14613
2461 1.14667
2462 1.1472
2463 1.14772
2464 1.14824
2465 1.14874
2466 1.14923
2467 1.14971
2468 1.15018
2469 1.15063
2470 1.15108
2471 1.15151
2472 1.15193
2473 1.15233
2474 1.15272
2475 1.1531
2476 1.15346
2477 1.15381
2478 1.15414
2479 1.15445
2480 1.15475
2481 1.15503
2482 1.15529
2483 1.15553
2484 1.15575
2485 1.15595
2486 1.15614
2487 1.1563
2488 1.15644
2489 1.15656
2490 1.15665
2491 1.15673
2492 1.15678
2493 1.1568
2494 1.15681
2495 1.15679
2496 1.15675
2497 1.15668
2498 1.15659
2499 1.15648
