#Blocks mean_unif uncer_unif mean_gaus uncer_gaus mean_acc_unif uncer_acc_unif mean_acc_gaus uncer_acc_gaus
1 1.49983 0 1.49977 0 0.500332 0 0.5001 0
2 1.4986 0.00122525 1.49844 0.00132481 0.500309 2.3e-05 0.499097 0.001003
3 1.50105 0.00254603 1.50066 0.00234862 0.500284 2.80139e-05 0.499066 0.000579894
4 1.49996 0.00210391 1.4997 0.001921 0.499882 0.000402821 0.498986 0.00041789
5 1.4995 0.00169388 1.49923 0.00156006 0.499969 0.000323818 0.499131 0.000354791
6 1.49841 0.00175899 1.49828 0.00159002 0.499965 0.000264426 0.499137 0.000289745
7 1.49811 0.00151699 1.49799 0.00137342 0.499991 0.00022501 0.499276 0.000281732
8 1.4975 0.001448 1.49739 0.00133219 0.500001 0.000195122 0.499231 0.000248128
9 1.49782 0.001317 1.49771 0.00121582 0.500106 0.000201767 0.499218 0.000219208
10 1.49826 0.00125597 1.49812 0.00116372 0.500077 0.000182833 0.499277 0.000204632
11 1.49794 0.00117826 1.49785 0.00108558 0.500109 0.000168396 0.499142 0.000229082
12 1.4981 0.00108713 1.49809 0.0010191 0.500099 0.000154058 0.499129 0.000209489
13 1.4982 0.00100499 1.49819 0.000942741 0.500061 0.00014659 0.499151 0.000193916
14 1.49764 0.00108871 1.4977 0.00100058 0.499967 0.000165294 0.499109 0.00018446
15 1.49783 0.00103229 1.49788 0.000947629 0.499936 0.000156902 0.499116 0.000171878
16 1.49753 0.00101284 1.49762 0.000923062 0.499819 0.000187813 0.499128 0.000161197
17 1.49758 0.000952974 1.4977 0.000870831 0.499836 0.00017721 0.499115 0.000151953
18 1.49749 0.000903141 1.49761 0.000825912 0.49979 0.000173168 0.499087 0.000145972
19 1.49753 0.000855034 1.49764 0.00078193 0.499776 0.000164402 0.499105 0.000139252
20 1.4976 0.00081474 1.49773 0.000746265 0.499724 0.000164232 0.499128 0.000134102
21 1.49798 0.000860207 1.49807 0.000790737 0.499818 0.000181961 0.499157 0.000130781
22 1.49821 0.000851736 1.4983 0.000786768 0.499845 0.000175618 0.49916 0.000124746
23 1.49829 0.000818162 1.49837 0.000755246 0.499849 0.000167845 0.499174 0.000119977
24 1.49851 0.000814411 1.49857 0.000751308 0.499939 0.000184399 0.499237 0.00013091
25 1.49851 0.000781157 1.49858 0.000720636 0.499962 0.000178406 0.499231 0.000125707
26 1.49869 0.000772146 1.49874 0.00071222 0.499992 0.000173879 0.499256 0.000123424
27 1.49864 0.000744579 1.49869 0.000687344 0.500017 0.000169203 0.499264 0.000119036
28 1.49844 0.000746595 1.4985 0.000688307 0.500027 0.000163348 0.49927 0.000114866
29 1.4985 0.000723147 1.49856 0.000666159 0.50003 0.000157649 0.499307 0.000116626
30 1.49862 0.00070941 1.49868 0.0006557 0.500057 0.00015469 0.499332 0.000115494
31 1.49876 0.000700536 1.49881 0.00064791 0.500086 0.00015247 0.499332 0.000111707
32 1.49891 0.000692781 1.49895 0.000641294 0.500082 0.000147706 0.49935 0.000109673
33 1.49899 0.000676597 1.49902 0.000625445 0.500075 0.000143289 0.499343 0.000106512
34 1.49894 0.000658486 1.49896 0.000609343 0.500062 0.000139663 0.499354 0.000103843
35 1.49881 0.000651202 1.49885 0.000602352 0.50004 0.000137447 0.49933 0.000103594
36 1.49887 0.000635565 1.4989 0.000587803 0.500045 0.000133694 0.49933 0.000100676
37 1.49881 0.000620988 1.49885 0.000573667 0.500029 0.000131062 0.499318 9.86947e-05
38 1.49886 0.00060665 1.49891 0.000560696 0.500032 0.000127597 0.49932 9.60767e-05
39 1.49909 0.000633982 1.49913 0.000590777 0.500057 0.000126927 0.499346 9.72874e-05
40 1.49889 0.000650965 1.49894 0.000605635 0.500053 0.00012378 0.499314 0.000100306
41 1.49883 0.000637264 1.4989 0.000592199 0.50004 0.000121495 0.499281 0.000103041
42 1.49882 0.000622019 1.49889 0.000577988 0.500031 0.000118862 0.499276 0.000100696
43 1.49879 0.000608075 1.49887 0.0005647 0.500021 0.000116534 0.49926 9.9601e-05
44 1.49871 0.000599332 1.49879 0.000557383 0.50002 0.00011386 0.499275 9.8419e-05
45 1.49869 0.000586372 1.49878 0.00054512 0.500013 0.000111505 0.499275 9.62071e-05
46 1.49872 0.000574473 1.49881 0.000533908 0.500016 0.000109082 0.499276 9.40978e-05
47 1.49895 0.00060442 1.49902 0.000563305 0.500029 0.000107581 0.499302 9.57638e-05
48 1.49898 0.000592815 1.49904 0.000552038 0.500023 0.000105489 0.499292 9.42771e-05
49 1.49892 0.000583561 1.499 0.000542546 0.500006 0.000104777 0.4993 9.2648e-05
50 1.49894 0.000572182 1.49901 0.000531851 0.499999 0.000102844 0.499299 9.07811e-05
51 1.49891 0.000562045 1.49898 0.000522369 0.5 0.000100811 0.499291 8.93504e-05
52 1.49887 0.000552373 1.49896 0.000512814 0.499995 9.90188e-05 0.499259 9.31161e-05
53 1.49885 0.00054213 1.49893 0.000503701 0.499986 9.75022e-05 0.499254 9.14918e-05
54 1.49894 0.000539006 1.49902 0.000503089 0.500002 9.7014e-05 0.499256 8.97974e-05
55 1.499 0.000532516 1.49908 0.00049739 0.500008 9.53897e-05 0.499249 8.83655e-05
56 1.49909 0.000530511 1.49917 0.00049629 0.500026 9.55061e-05 0.499251 8.67978e-05
57 1.49916 0.000525427 1.49924 0.000491693 0.500016 9.43511e-05 0.499262 8.58573e-05
58 1.49903 0.000531626 1.49912 0.000497069 0.499999 9.43703e-05 0.49925 8.51999e-05
59 1.49915 0.000535337 1.49923 0.000500097 0.500011 9.35796e-05 0.499259 8.42996e-05
60 1.49919 0.000528281 1.49928 0.000494453 0.5 9.26539e-05 0.499253 8.30939e-05
61 1.49921 0.000520051 1.4993 0.000486726 0.500003 9.11886e-05 0.49927 8.33732e-05
62 1.4992 0.000511756 1.49928 0.000479063 0.499993 9.02694e-05 0.499266 8.21212e-05
63 1.49928 0.000509655 1.49937 0.00047904 0.499997 8.89126e-05 0.499279 8.19239e-05
64 1.49923 0.000504618 1.49932 0.000473945 0.499987 8.80736e-05 0.499274 8.08056e-05
65 1.49921 0.000497068 1.49931 0.000466807 0.499995 8.70701e-05 0.499273 7.95581e-05
66 1.49912 0.000497961 1.49921 0.000468846 0.499985 8.63782e-05 0.499278 7.85028e-05
67 1.49917 0.000493761 1.49926 0.000464574 0.499979 8.52851e-05 0.499291 7.84473e-05
68 1.49924 0.000491299 1.49932 0.00046094 0.499976 8.4072e-05 0.499291 7.72853e-05
69 1.49933 0.000490996 1.49939 0.000459858 0.499983 8.31043e-05 0.499302 7.68983e-05
70 1.49934 0.000484235 1.4994 0.000453404 0.499988 8.20885e-05 0.499304 7.58405e-05
71 1.49945 0.000488781 1.4995 0.000458186 0.499995 8.12373e-05 0.499311 7.50136e-05
72 1.49939 0.000485077 1.49945 0.000455097 0.499986 8.06594e-05 0.499299 7.48183e-05
73 1.49937 0.000479 1.49943 0.000449231 0.499988 7.95684e-05 0.499298 7.37935e-05
74 1.49934 0.000473176 1.49941 0.000443746 0.49999 7.85224e-05 0.4993 7.28038e-05
75 1.49931 0.000468292 1.49937 0.000439016 0.499992 7.75073e-05 0.499285 7.32628e-05
76 1.49929 0.000462395 1.49935 0.00043369 0.499996 7.65742e-05 0.499279 7.25974e-05
77 1.49937 0.000463622 1.49943 0.0004358 0.500008 7.65135e-05 0.499295 7.36e-05
78 1.49937 0.000457643 1.49943 0.000430183 0.500006 7.55672e-05 0.499295 7.26503e-05
79 1.49932 0.0004547 1.49939 0.000426857 0.500007 7.46111e-05 0.499279 7.37016e-05
80 1.49924 0.000455216 1.49932 0.000427332 0.499997 7.43292e-05 0.499256 7.63169e-05
81 1.49932 0.000456243 1.4994 0.000430293 0.500018 7.65479e-05 0.499264 7.58047e-05
82 1.4993 0.000451071 1.49938 0.000425432 0.500025 7.58746e-05 0.49926 7.49533e-05
83 1.49923 0.000450498 1.49932 0.000424477 0.500025 7.49555e-05 0.499251 7.4567e-05
84 1.49926 0.000446137 1.49936 0.000420647 0.500027 7.40974e-05 0.499255 7.37596e-05
85 1.49928 0.000441182 1.49937 0.00041603 0.500028 7.32281e-05 0.499254 7.289e-05
86 1.49937 0.000444586 1.49945 0.000418473 0.500032 7.24939e-05 0.499251 7.20934e-05
87 1.49948 0.000452512 1.49955 0.000424211 0.500041 7.22372e-05 0.499258 7.16058e-05
88 1.49948 0.00044741 1.49955 0.000419382 0.500039 7.1452e-05 0.49926 7.08047e-05
89 1.49953 0.000444856 1.49959 0.000416284 0.500036 7.06906e-05 0.499266 7.02443e-05
90 1.49955 0.000440103 1.4996 0.000411969 0.500043 7.01679e-05 0.499268 6.95089e-05
91 1.49955 0.000435241 1.49961 0.00040746 0.500033 7.00609e-05 0.499263 6.89544e-05
92 1.49949 0.000434185 1.49955 0.000406766 0.500033 6.92952e-05 0.499264 6.82055e-05
93 1.49947 0.000429966 1.49954 0.000402691 0.500023 6.92499e-05 0.499262 6.7503e-05
94 1.4995 0.000426435 1.49956 0.000399069 0.500019 6.86374e-05 0.499259 6.68281e-05
95 1.49954 0.000423622 1.4996 0.000396286 0.50002 6.79221e-05 0.499265 6.64247e-05
96 1.49951 0.000420219 1.49956 0.000393329 0.50001 6.8015e-05 0.499268 6.5795e-05
97 1.49951 0.000415905 1.49957 0.000389267 0.500012 6.73612e-05 0.499261 6.54932e-05
98 1.49947 0.000414022 1.49953 0.000387119 0.500009 6.6765e-05 0.49926 6.4838e-05
99 1.49951 0.000411399 1.49956 0.000384257 0.500016 6.64689e-05 0.499264 6.43259e-05
100 1.49951 0.000407266 1.49956 0.000380408 0.500021 6.59952e-05 0.499266 6.36943e-05
