#Blocks mean_1 uncer_1 mean_2 uncer_2 mean_3 uncer_3
1 1.50142 0 4.98875 0 5.00261 0
2 1.49902 0.00240149 4.99402 0.00527723 5.00374 0.00112126
3 1.497 0.00244467 4.99637 0.00384836 5.00302 0.000965711
4 1.49726 0.00174813 4.99592 0.00275916 5.002 0.00122744
5 1.49769 0.0014212 4.99575 0.00214374 5.00314 0.00148583
6 1.49787 0.00117312 4.99677 0.00202345 5.00381 0.00138557
7 1.49802 0.00100405 4.99581 0.00195861 5.00177 0.0023522
8 1.49786 0.000884521 4.99493 0.00191014 4.99958 0.0029925
9 1.49816 0.00083508 4.99497 0.00168493 4.99877 0.00276015
10 1.49826 0.00075321 4.99672 0.00230968 4.99812 0.00255167
11 1.49782 0.000809006 4.99594 0.00222939 4.99923 0.00255733
12 1.49816 0.00081287 4.99699 0.00229175 4.99909 0.0023384
13 1.49846 0.000805389 4.99821 0.0024354 4.99939 0.00217224
14 1.49805 0.000850285 4.99854 0.00227866 4.99956 0.00201812
15 1.49885 0.00112681 4.9991 0.00219383 5.00061 0.00215019
16 1.49859 0.00108639 4.99762 0.00253102 5.00117 0.00208917
17 1.49864 0.00102158 4.99751 0.00238007 5.00113 0.00196282
18 1.49869 0.000964588 4.99793 0.00228382 5.00018 0.0020801
19 1.49856 0.000921485 4.99733 0.00224174 5.00034 0.00197369
20 1.49873 0.000889806 4.99597 0.00252695 5.00018 0.00187891
21 1.49898 0.000882428 4.99629 0.00242562 5.00066 0.00184859
22 1.49892 0.000843266 4.99655 0.00232641 5.0001 0.001847
23 1.49913 0.000833658 4.99641 0.00222741 4.99954 0.0018524
24 1.49918 0.000799375 4.9964 0.00213259 4.99955 0.00177357
25 1.49925 0.000770003 4.99696 0.00212218 4.99926 0.00172599
26 1.49921 0.000740737 4.99719 0.00205096 4.9991 0.00166583
27 1.49941 0.000739307 4.99753 0.00200411 4.99944 0.00163797
28 1.49946 0.000714498 4.99715 0.00196984 4.99992 0.00165128
29 1.49941 0.000691779 4.99714 0.00190071 5.00001 0.00159545
30 1.49954 0.000682504 4.99717 0.00183649 5.00022 0.00155663
31 1.4995 0.000661392 4.99731 0.00178178 5.00032 0.00150838
32 1.49965 0.000657647 4.99757 0.00174526 5.00032 0.00146048
33 1.49945 0.000669107 4.99725 0.00172289 5.00038 0.00141696
34 1.4995 0.000651198 4.99748 0.0016876 5.00043 0.00137551
35 1.49964 0.000646499 4.99767 0.00164933 5.001 0.00145066
36 1.49978 0.000644763 4.99818 0.00168321 5.00035 0.0015503
37 1.49977 0.000627262 4.99818 0.00163708 5.00071 0.00155023
38 1.49965 0.000620749 4.99799 0.00160523 5.00085 0.001515
39 1.49962 0.000605657 4.99775 0.00158214 5.00084 0.00147567
40 1.49963 0.000590479 4.99779 0.00154277 5.00128 0.0015057
41 1.49964 0.00057591 4.99802 0.00152144 5.00116 0.00147372
42 1.49974 0.000571589 4.99815 0.00149073 5.00096 0.00145174
43 1.49977 0.000558872 4.99819 0.00145609 5.00108 0.00142298
44 1.49977 0.000546023 4.99784 0.00146506 5.00071 0.00143957
45 1.49978 0.000533969 4.99824 0.00148858 5.0005 0.00142357
46 1.4999 0.000535051 4.99806 0.00146721 5.00095 0.001464
47 1.50005 0.000543567 4.99809 0.001436 5.00114 0.00144489
48 1.50001 0.000533248 4.99809 0.00140577 5.00107 0.00141604
49 1.50009 0.000527893 4.99844 0.00141842 5.00087 0.00140114
50 1.50006 0.000518008 4.99832 0.00139474 5.00062 0.00139602
51 1.50011 0.000510417 4.99852 0.0013815 5.00065 0.00136884
52 1.50022 0.000510957 4.99852 0.00135468 5.00045 0.00135712
53 1.50024 0.000501889 4.99859 0.00133075 5.00059 0.00133846
54 1.50016 0.000499278 4.9986 0.0013059 5.00056 0.00131387
55 1.50013 0.000490822 4.9986 0.00128194 5.00046 0.00129333
56 1.50004 0.000491252 4.99853 0.00126089 5.00014 0.00131009
57 1.50003 0.000482572 4.99836 0.00124979 5.00039 0.00131025
58 1.5 0.000475542 4.99845 0.00123106 5.00017 0.00130503
59 1.50007 0.000473053 4.99832 0.00121746 5.00015 0.00128291
60 1.50004 0.000466231 4.99814 0.00120921 5.00005 0.00126525
61 1.50012 0.00046509 4.99843 0.00122204 4.99994 0.00124934
62 1.50012 0.000457592 4.99836 0.00120416 4.99998 0.00122964
63 1.50018 0.00045415 4.99818 0.00119752 4.99996 0.00121013
64 1.50021 0.000447552 4.99822 0.00117913 5.00012 0.00120248
65 1.50028 0.000447702 4.99824 0.00116117 5.00037 0.00120992
66 1.50029 0.000440957 4.99829 0.00114433 5.00025 0.00119763
67 1.50033 0.000435658 4.9983 0.0011272 5.00003 0.00120074
68 1.50038 0.000432539 4.99825 0.00111187 5.00003 0.00118295
69 1.50044 0.000430626 4.99825 0.00109566 4.99998 0.00116666
70 1.50043 0.000424655 4.99833 0.00108243 4.99988 0.00115423
71 1.50037 0.000423236 4.99831 0.00106717 4.99974 0.00114677
72 1.50046 0.00042829 4.99845 0.0010613 4.99976 0.0011309
73 1.50033 0.000441798 4.99892 0.00114445 4.99973 0.00111565
74 1.50035 0.000436104 4.99902 0.00113347 4.99979 0.00110204
75 1.50031 0.000431829 4.99909 0.00112029 5.00003 0.00111342
76 1.50024 0.000432972 4.99904 0.00110624 5.00009 0.00110037
77 1.50023 0.000427455 4.99906 0.00109188 5.00022 0.00109353
78 1.50027 0.000423828 4.99906 0.00107779 5.00018 0.00107995
79 1.50022 0.000421144 4.99903 0.00106454 4.99998 0.00108469
80 1.50019 0.000416483 4.99908 0.00105247 4.99989 0.00107518
81 1.50014 0.000415139 4.99915 0.00104186 4.99987 0.00106196
82 1.50016 0.000410723 4.99907 0.00103197 4.99986 0.001049
83 1.50019 0.000406699 4.99906 0.00101959 4.99992 0.00103801
84 1.50017 0.00040232 4.99897 0.0010116 4.99986 0.00102746
85 1.50017 0.000397589 4.9994 0.00108926 4.99998 0.00102259
86 1.50018 0.000393239 4.99934 0.00107822 4.99989 0.00101437
87 1.50016 0.000389422 4.99928 0.00106708 5.00015 0.00103537
88 1.50018 0.000385847 4.99934 0.00105643 5.00015 0.00102355
89 1.50021 0.000382278 4.99941 0.00104703 5.00004 0.00101807
90 1.50026 0.000381385 4.99919 0.0010587 4.99986 0.0010227
91 1.50026 0.0003772 4.9991 0.00105144 4.9997 0.00102474
92 1.50028 0.000373699 4.99896 0.00104867 4.99993 0.00104054
93 1.50029 0.00036978 4.99885 0.00104364 4.99987 0.0010313
94 1.50028 0.000366011 4.99906 0.00105434 4.99995 0.00102311
95 1.5003 0.000362603 4.99891 0.00105341 4.99999 0.00101325
96 1.50034 0.000361077 4.99892 0.0010424 4.99999 0.00100264
97 1.50032 0.000358034 4.99886 0.00103342 5.00005 0.00099382
98 1.50028 0.0003561 4.9989 0.00102354 5.0002 0.000995988
99 1.50033 0.000355876 4.99879 0.00101875 5.00036 0.000998732
100 1.50035 0.000352987 4.9989 0.00101389 5.00024 0.000995607
