#Blocks mean_unif uncer_unif mean_gaus uncer_gaus mean_acc_unif uncer_acc_unif mean_acc_gaus uncer_acc_gaus
1 5.00433 0 5.00359 0 0.499892 0 0.501195 0
2 4.99782 0.0065115 4.99739 0.0061977 0.499985 9.3e-05 0.500741 0.000454
3 5.00075 0.00476793 5.00027 0.0045905 0.499988 5.37598e-05 0.500221 0.00058203
4 5.0023 0.0037079 5.00191 0.00364071 0.499931 6.80286e-05 0.500487 0.000489584
5 4.99977 0.00382382 4.99957 0.00366838 0.500029 0.000111401 0.500604 0.000396957
6 4.99785 0.00366543 4.99793 0.00341207 0.499971 0.000108364 0.50049 0.000343402
7 4.99558 0.0038433 4.99575 0.00361674 0.499963 9.19264e-05 0.500465 0.000291368
8 4.99499 0.00337895 4.9952 0.00318075 0.499986 8.30218e-05 0.50046 0.000252374
9 4.99603 0.00315563 4.99606 0.00293559 0.500193 0.000219869 0.500487 0.000224205
10 4.99654 0.00286694 4.99668 0.00269645 0.500131 0.000206272 0.500523 0.000203705
11 4.99655 0.00259326 4.99666 0.00243911 0.500138 0.000186701 0.500444 0.000200223
12 4.99693 0.00239863 4.99705 0.00226123 0.500194 0.000179452 0.500453 0.000182981
13 4.99736 0.00224679 4.9974 0.00210869 0.500122 0.000180217 0.500472 0.000169344
14 4.99662 0.00220802 4.99685 0.0020272 0.500086 0.00017073 0.500458 0.000157372
15 4.99698 0.00208752 4.99711 0.00190548 0.500134 0.000166078 0.500495 0.000151007
16 4.99637 0.00204696 4.99658 0.00186058 0.500094 0.000160477 0.500513 0.000142479
17 4.99655 0.00193193 4.99683 0.00176576 0.500113 0.000152043 0.5005 0.000134468
18 4.99684 0.00184424 4.99703 0.00167603 0.500109 0.000143407 0.500522 0.000128548
19 4.99685 0.0017445 4.9969 0.00159049 0.500116 0.000135796 0.500543 0.000123544
20 4.99711 0.00167425 4.99712 0.00152535 0.500083 0.000132834 0.500567 0.000119622
21 4.99725 0.00159906 4.99725 0.00145695 0.500131 0.000135141 0.500536 0.000117986
22 4.99743 0.00153563 4.99746 0.00140384 0.500159 0.000131829 0.500559 0.000114748
23 4.99766 0.00148423 4.99768 0.001359 0.500154 0.000126055 0.500565 0.000109818
24 4.9979 0.0014411 4.99788 0.00131764 0.500236 0.000145507 0.500557 0.00010543
25 4.99827 0.00143304 4.99829 0.00132653 0.500273 0.000144536 0.500575 0.000102638
26 4.99876 0.00145987 4.99873 0.00134846 0.500298 0.000141083 0.500595 0.000100606
27 4.99905 0.00143429 4.999 0.00132619 0.500355 0.000147381 0.500605 9.73716e-05
28 4.99876 0.0014116 4.99874 0.00130357 0.500371 0.000142929 0.500627 9.62527e-05
29 4.99863 0.00136866 4.9986 0.00126561 0.500371 0.000137914 0.500625 9.28934e-05
30 4.9989 0.00134913 4.99891 0.00126004 0.500359 0.000133719 0.500636 9.04578e-05
31 4.99908 0.0013185 4.99908 0.00123055 0.500387 0.000132286 0.500626 8.80354e-05
32 4.99963 0.00138812 4.99955 0.00128031 0.500416 0.000131236 0.500655 8.99356e-05
33 4.99953 0.00134876 4.99947 0.00124302 0.500385 0.000130919 0.500617 9.52475e-05
34 4.99933 0.00132482 4.99931 0.00121669 0.50038 0.000127115 0.500638 9.49153e-05
35 4.99907 0.00131177 4.9991 0.00120116 0.500373 0.000123633 0.500629 9.25888e-05
36 4.99946 0.00133192 4.99945 0.00121943 0.500394 0.000122031 0.500616 9.09357e-05
37 4.99945 0.00129542 4.99945 0.00118603 0.500392 0.000118698 0.500594 9.11142e-05
38 4.9996 0.00126964 4.9996 0.00116396 0.500397 0.000115642 0.500604 8.926e-05
39 5.00021 0.00137968 5.00019 0.00127432 0.500406 0.000112938 0.500612 8.73098e-05
40 5.00013 0.00134717 5.00013 0.0012432 0.500414 0.000110414 0.500589 8.83406e-05
41 5.00001 0.00131992 5.00004 0.00121609 0.500406 0.00010797 0.500573 8.75561e-05
42 4.99974 0.00131623 4.99979 0.00121272 0.500421 0.000106416 0.50057 8.55093e-05
43 4.9996 0.00129278 4.99969 0.00118791 0.50041 0.000104566 0.500567 8.35368e-05
44 4.99957 0.0012633 4.99971 0.00116074 0.500414 0.000102268 0.500578 8.23472e-05
45 4.99963 0.00123607 4.99976 0.00113553 0.500404 0.000100498 0.500591 8.15672e-05
46 4.9999 0.00123843 5.00003 0.00114266 0.500429 0.000101472 0.500609 8.1797e-05
47 5.00019 0.00124759 5.00028 0.00114707 0.500443 0.000100193 0.500608 8.00539e-05
48 5.00033 0.00122868 5.00039 0.00112823 0.500434 9.84361e-05 0.500599 7.89243e-05
49 5.00014 0.00121792 5.00023 0.00111668 0.500437 9.64594e-05 0.500604 7.74951e-05
50 5.0002 0.00119505 5.00027 0.00109495 0.500432 9.46864e-05 0.50061 7.61788e-05
51 5.00036 0.00118211 5.00042 0.00108359 0.500444 9.35896e-05 0.500613 7.47142e-05
52 5.00044 0.00116183 5.0005 0.0010657 0.500446 9.17941e-05 0.500601 7.42357e-05
53 5.00037 0.00114165 5.00042 0.00104857 0.50044 9.0217e-05 0.500596 7.29814e-05
54 5.00059 0.00114017 5.00062 0.00104856 0.500457 9.01335e-05 0.500593 7.16627e-05
55 5.00082 0.00114293 5.00085 0.00105437 0.500467 8.90184e-05 0.500585 7.08657e-05
56 5.00112 0.00116198 5.00111 0.00106639 0.500487 8.96656e-05 0.500577 6.99953e-05
57 5.00111 0.00114144 5.00111 0.00104751 0.500473 8.90842e-05 0.500582 6.8935e-05
58 5.00096 0.00113132 5.00097 0.00103851 0.500459 8.86459e-05 0.500593 6.85285e-05
59 5.0007 0.00114272 5.00074 0.00104645 0.500436 9.03016e-05 0.50058 6.85798e-05
60 5.0009 0.0011419 5.00095 0.00105031 0.500424 8.95995e-05 0.500585 6.76052e-05
61 5.00079 0.00112856 5.00086 0.00103719 0.500425 8.8128e-05 0.500583 6.65066e-05
62 5.00048 0.00115351 5.00058 0.00105809 0.500409 8.80782e-05 0.500567 6.72701e-05
63 5.00072 0.0011601 5.00081 0.00106773 0.500419 8.72268e-05 0.500574 6.65168e-05
64 5.00064 0.00114462 5.00074 0.00105348 0.500405 8.7088e-05 0.500559 6.71692e-05
65 5.00041 0.00115046 5.00052 0.00105987 0.500398 8.59658e-05 0.500544 6.77503e-05
66 5.00015 0.00116035 5.00029 0.00106906 0.500379 8.69679e-05 0.50054 6.68647e-05
67 5.00005 0.00114774 5.00018 0.00105861 0.500368 8.62994e-05 0.500542 6.58953e-05
68 5.00006 0.00113081 5.00016 0.00104313 0.50037 8.50447e-05 0.500538 6.50541e-05
69 5.00009 0.00111463 5.00018 0.00102819 0.500369 8.38161e-05 0.50054 6.41428e-05
70 5.00001 0.00110171 5.00012 0.00101561 0.500368 8.26103e-05 0.500533 6.36237e-05
71 5.00009 0.00108941 5.0002 0.00100461 0.500364 8.15729e-05 0.500528 6.29407e-05
72 4.99993 0.00108572 5.00004 0.00100266 0.500361 8.04707e-05 0.500519 6.26599e-05
73 4.99987 0.00107245 5 0.000989854 0.500358 7.94382e-05 0.500517 6.18189e-05
74 4.9998 0.00106005 4.99993 0.000979106 0.500365 7.86579e-05 0.500518 6.09791e-05
75 4.99986 0.00104744 4.99998 0.000967358 0.500384 8.01029e-05 0.500523 6.04149e-05
76 5.00002 0.00104564 5.00011 0.000963907 0.500395 7.97635e-05 0.500514 6.03084e-05
77 5.00036 0.00108454 5.00041 0.000996786 0.500405 7.93998e-05 0.500522 6.00568e-05
78 5.00034 0.00107067 5.00039 0.000984069 0.500407 7.83842e-05 0.500521 5.92864e-05
79 5.00029 0.0010583 5.00035 0.000972395 0.500411 7.74828e-05 0.50051 5.95896e-05
80 5.00026 0.00104539 5.00034 0.000960216 0.500411 7.65081e-05 0.500499 5.99658e-05
81 5.00031 0.00103368 5.00041 0.000950772 0.500423 7.66541e-05 0.500492 5.95593e-05
82 5.00032 0.00102112 5.00043 0.000939233 0.500432 7.61486e-05 0.500491 5.88462e-05
83 5.00019 0.00101832 5.00031 0.000934712 0.50043 7.52374e-05 0.50048 5.91396e-05
84 5.00026 0.00100857 5.00038 0.000925931 0.500438 7.47806e-05 0.500492 5.96968e-05
85 5.00025 0.000996681 5.00038 0.000914975 0.500441 7.39336e-05 0.500497 5.9223e-05
86 5.00044 0.00100449 5.00056 0.000922021 0.50044 7.30729e-05 0.500501 5.86218e-05
87 5.00054 0.000997345 5.00064 0.00091486 0.500441 7.22324e-05 0.500491 5.86941e-05
88 5.00061 0.000988299 5.00069 0.000905942 0.500439 7.14326e-05 0.500493 5.8035e-05
89 5.00083 0.00100202 5.00089 0.000917054 0.500444 7.08144e-05 0.500499 5.77116e-05
90 5.00083 0.000990824 5.00089 0.000906809 0.500443 7.00291e-05 0.5005 5.70781e-05
91 5.00094 0.000985721 5.00097 0.000901116 0.50044 6.93424e-05 0.5005 5.64482e-05
92 5.00076 0.000990405 5.00082 0.000904817 0.500437 6.86276e-05 0.500498 5.58669e-05
93 5.00078 0.000979824 5.00082 0.000895037 0.500439 6.79153e-05 0.500493 5.54583e-05
94 5.00094 0.00098301 5.00096 0.000896622 0.500448 6.78057e-05 0.500498 5.51255e-05
95 5.00084 0.000977444 5.00089 0.00089035 0.500446 6.71204e-05 0.500502 5.46816e-05
96 5.00072 0.000975101 5.00077 0.000888142 0.500434 6.74603e-05 0.500507 5.43018e-05
97 5.00074 0.000965322 5.0008 0.000879502 0.500439 6.69127e-05 0.500508 5.37488e-05
98 5.0007 0.000956565 5.00075 0.0008725 0.500428 6.71072e-05 0.500503 5.34067e-05
99 5.00068 0.000946993 5.00073 0.000863825 0.500436 6.68438e-05 0.500508 5.30956e-05
100 5.00068 0.000937484 5.00073 0.000855143 0.500436 6.61726e-05 0.500501 5.30287e-05
