#Blocks mean_unif uncer_unif mean_gaus uncer_gaus mean_acc_unif uncer_acc_unif mean_acc_gaus uncer_acc_gaus
1 5.00698 0 4.9971 0 0.50066 0 0.500389 0
2 5.00444 0.00254223 4.99924 0.00213774 0.500294 0.000366 0.500609 0.00022
3 5.00577 0.00197694 5.00426 0.0051692 0.500541 0.000325055 0.500505 0.000164163
4 5.00323 0.00289897 4.99992 0.00567511 0.500376 0.000282941 0.500489 0.000117247
5 4.99934 0.00448356 5.00025 0.00440839 0.500098 0.000354316 0.500341 0.000173388
6 4.99879 0.00370326 5.0021 0.00404451 0.499987 0.000309838 0.500377 0.000146126
7 4.9994 0.00318913 5.00311 0.00356638 0.500125 0.000296287 0.500498 0.000172796
8 5.00093 0.00316018 5.00291 0.00309502 0.500108 0.000257157 0.500479 0.000150798
9 5.00066 0.00280045 5.00101 0.00332547 0.500163 0.000233385 0.500415 0.00014765
10 5.00208 0.00287747 5.00178 0.00307099 0.500161 0.000208762 0.500458 0.000138883
11 5.00229 0.00261178 5.00258 0.00289192 0.500285 0.000225922 0.50054 0.000149964
12 5.00224 0.00238483 5.00266 0.00264117 0.500353 0.000217323 0.500577 0.000141744
13 5.00213 0.00219623 5.00257 0.00243128 0.500332 0.000201034 0.500513 0.00014534
14 5.00164 0.00209284 5.00189 0.00235171 0.500337 0.000186176 0.500461 0.000144193
15 5.00052 0.00224825 5.00223 0.00221505 0.500341 0.000173391 0.500476 0.000135067
16 4.99986 0.00220173 5.00144 0.00221482 0.500346 0.000162258 0.500414 0.000140782
17 4.99986 0.00206816 5.00137 0.00208193 0.500347 0.000152419 0.500385 0.000135291
18 5.00006 0.00195997 5.00082 0.00203715 0.500322 0.000145892 0.500327 0.000140006
19 4.99919 0.00204615 5.00065 0.00193456 0.500289 0.00014194 0.500308 0.000133813
20 4.99887 0.00196755 5.00076 0.0018385 0.500286 0.000134677 0.500314 0.000127065
21 4.9987 0.00187934 5.00086 0.00175176 0.500309 0.000130139 0.500307 0.000121041
22 4.99868 0.00179198 5.00109 0.00168651 0.500325 0.000125056 0.500362 0.000127941
23 4.99867 0.00171237 5.00099 0.00161468 0.500294 0.000123385 0.500343 0.000123761
24 4.99991 0.00205516 5.0013 0.00157635 0.500334 0.000124492 0.500352 0.000118846
25 4.99949 0.00201354 5.00094 0.00155367 0.500296 0.000125063 0.500302 0.000124592
26 4.99939 0.00193717 5.00073 0.00150821 0.500287 0.000120509 0.500295 0.000119893
27 4.99973 0.00189453 4.9997 0.00177839 0.500304 0.000117172 0.500267 0.00011885
28 4.99955 0.0018351 4.99951 0.00172413 0.500308 0.000112997 0.500234 0.000119182
29 4.99986 0.00179781 4.99928 0.00167988 0.500319 0.000109555 0.500257 0.000117313
30 4.99959 0.00175778 4.9989 0.00166505 0.500296 0.00010839 0.500216 0.000120319
31 5.00036 0.00186712 4.99863 0.00163331 0.500314 0.000106333 0.500212 0.000116451
32 5.00068 0.00183656 4.99797 0.00171643 0.500334 0.00010492 0.500191 0.000114676
33 5.00077 0.00178205 4.9977 0.00168466 0.500308 0.000104885 0.500153 0.000117514
34 5.00065 0.00173262 4.99738 0.00166588 0.500316 0.000102067 0.500152 0.000114011
35 5.0007 0.00168308 4.99745 0.00161906 0.500332 0.000100461 0.500166 0.000111584
36 5.00085 0.00164228 4.9971 0.00161117 0.500353 9.98313e-05 0.500173 0.000108673
37 5.00102 0.00160627 4.99775 0.0016963 0.500356 9.71267e-05 0.5002 0.00010917
38 5.00133 0.00159436 4.99785 0.00165422 0.500365 9.50315e-05 0.50021 0.000106667
39 5.00167 0.00158918 4.99798 0.00161618 0.500377 9.32937e-05 0.500235 0.000106894
40 5.00175 0.00155116 4.99821 0.00159259 0.500377 9.09331e-05 0.500222 0.000105013
41 5.00156 0.00152498 4.99849 0.00157879 0.500366 8.93567e-05 0.500242 0.000104503
42 5.00155 0.00148827 4.99894 0.00160442 0.500375 8.76649e-05 0.500243 0.000101987
43 5.00137 0.00146387 4.99916 0.00158178 0.500365 8.61669e-05 0.500247 9.965e-05
44 5.00111 0.00145444 4.9994 0.00156405 0.500355 8.47401e-05 0.500243 9.74343e-05
45 5.00151 0.00147657 4.99951 0.00153284 0.500355 8.28363e-05 0.500236 9.54772e-05
46 5.00132 0.00145557 4.99932 0.00151143 0.500354 8.10245e-05 0.500248 9.41024e-05
47 5.00123 0.00142733 4.99951 0.00149084 0.500347 7.96194e-05 0.500253 9.22448e-05
48 5.00093 0.00142848 4.99951 0.00145946 0.500333 7.92012e-05 0.500249 9.04191e-05
49 5.00041 0.00149515 4.99943 0.00143174 0.500319 7.87387e-05 0.500237 8.93714e-05
50 5.00009 0.00149767 4.99931 0.00140758 0.500303 7.884e-05 0.500259 9.0477e-05
51 5.00023 0.00147448 4.99974 0.00144423 0.500316 7.83937e-05 0.500275 9.01225e-05
52 5.00014 0.00144905 4.99941 0.00145297 0.500319 7.6917e-05 0.500266 8.88323e-05
53 5.00021 0.00142324 4.99935 0.00142678 0.500321 7.54788e-05 0.500256 8.77044e-05
54 5.00038 0.00140754 4.99938 0.00140044 0.500322 7.40744e-05 0.50025 8.62942e-05
55 5.00037 0.00138176 4.99938 0.00137475 0.500316 7.29591e-05 0.500241 8.51955e-05
56 5.00041 0.0013573 4.99923 0.00135858 0.500316 7.1645e-05 0.500236 8.37922e-05
57 5.00012 0.00136397 4.99945 0.00135298 0.500307 7.09438e-05 0.500251 8.35106e-05
58 5.00015 0.00134063 4.99964 0.00134205 0.500316 7.0205e-05 0.500272 8.48827e-05
59 5.00036 0.00133467 4.99949 0.0013274 0.500333 7.1135e-05 0.500275 8.34841e-05
60 5.00031 0.00131345 4.99968 0.0013183 0.500329 7.00536e-05 0.500282 8.23687e-05
61 5.00045 0.00129937 4.99942 0.00132172 0.500338 6.95421e-05 0.500281 8.10195e-05
62 5.00064 0.0012924 4.99949 0.00130243 0.500331 6.87642e-05 0.500286 7.98799e-05
63 5.00079 0.00128047 4.99946 0.00128199 0.500327 6.7788e-05 0.500282 7.8694e-05
64 5.00063 0.00127004 4.99951 0.00126285 0.500316 6.77507e-05 0.500288 7.76687e-05
65 5.00047 0.0012605 4.99939 0.00124927 0.50031 6.69008e-05 0.500293 7.66593e-05
66 5.00047 0.00124126 4.99925 0.00123844 0.500316 6.60957e-05 0.500283 7.61612e-05
67 5.00031 0.00123229 4.99947 0.0012396 0.500324 6.56272e-05 0.500291 7.53812e-05
68 5.00037 0.0012155 4.99965 0.00123476 0.500338 6.62004e-05 0.500313 7.7629e-05
69 5.00053 0.00120851 4.99973 0.00121952 0.500341 6.53014e-05 0.500318 7.66586e-05
70 5.00082 0.00122455 4.99966 0.00120436 0.50035 6.50096e-05 0.500306 7.66115e-05
71 5.00073 0.00121052 4.99954 0.0011927 0.500353 6.41347e-05 0.500303 7.55574e-05
72 5.00053 0.00120973 4.99964 0.00117953 0.500352 6.32469e-05 0.500308 7.46568e-05
73 5.00043 0.00119702 4.99956 0.00116604 0.500341 6.32412e-05 0.500304 7.37806e-05
74 5.00031 0.00118731 4.99966 0.00115522 0.50034 6.23957e-05 0.500308 7.29351e-05
75 5.00042 0.001177 4.99996 0.00117664 0.500343 6.1642e-05 0.500317 7.25195e-05
76 5.00029 0.0011693 4.99986 0.00116519 0.500349 6.11297e-05 0.500323 7.17461e-05
77 5.00022 0.00115593 5.00002 0.0011612 0.500361 6.14152e-05 0.500331 7.12921e-05
78 5.00022 0.00114102 5.00006 0.00114681 0.500364 6.07306e-05 0.500331 7.03721e-05
79 5.00012 0.00113142 5.00008 0.00113243 0.500369 6.01433e-05 0.500326 6.96598e-05
80 4.99992 0.00113484 4.99998 0.00112252 0.500374 5.96096e-05 0.500312 7.02184e-05
81 4.99989 0.00112099 4.99993 0.00110962 0.500369 5.91092e-05 0.500305 6.96702e-05
82 4.99983 0.00110927 4.99997 0.00109676 0.500374 5.86148e-05 0.500307 6.88535e-05
83 4.99989 0.00109803 4.99988 0.00108764 0.500379 5.80955e-05 0.500311 6.81109e-05
84 4.99978 0.00109111 4.99996 0.00107787 0.500374 5.76326e-05 0.500309 6.73327e-05
85 4.99988 0.00108276 5.00005 0.00106889 0.500374 5.69526e-05 0.500308 6.6537e-05
86 4.99997 0.00107399 4.99992 0.00106461 0.500378 5.64155e-05 0.500307 6.57641e-05
87 5.0001 0.00106983 4.99985 0.00105454 0.500381 5.58771e-05 0.500304 6.50972e-05
88 4.99994 0.00106959 4.99971 0.00105198 0.500374 5.57692e-05 0.500314 6.52082e-05
89 5.00009 0.00106791 4.99955 0.00105202 0.500385 5.63134e-05 0.500308 6.47482e-05
90 4.99998 0.00106169 4.99951 0.00104102 0.500389 5.58283e-05 0.500311 6.40725e-05
91 4.99998 0.00104996 4.99954 0.0010298 0.500394 5.53929e-05 0.500303 6.38646e-05
92 4.9999 0.00104165 4.99949 0.00101969 0.500397 5.48946e-05 0.500299 6.32569e-05
93 4.99992 0.00103074 4.99959 0.00101417 0.500402 5.4503e-05 0.500307 6.29944e-05
94 4.99991 0.0010198 4.99977 0.00101871 0.500406 5.40963e-05 0.500321 6.40295e-05
95 4.99993 0.00100917 4.99972 0.00100905 0.500401 5.37379e-05 0.500322 6.33542e-05
96 4.99989 0.00099923 4.99964 0.00100206 0.500398 5.33157e-05 0.500321 6.26935e-05
97 4.99982 0.000991537 4.99969 0.000992942 0.500396 5.27736e-05 0.50032 6.20607e-05
98 4.99985 0.000981759 4.99984 0.000994697 0.500397 5.22325e-05 0.500334 6.30821e-05
99 5.00001 0.000984757 4.99994 0.000989141 0.500399 5.17475e-05 0.500332 6.24817e-05
100 5.00011 0.000980498 4.99977 0.000992482 0.500397 5.12641e-05 0.500335 6.19079e-05
