        0.530187      0.00873315         1.41132
        -1.51292        -1.33571       -0.326252
       -0.577605         0.19591          2.1911
         1.56223        -0.74674        0.404781
         1.14884       0.0480458        0.322641
         1.19248       -0.400946        0.822572
        -2.50888      -0.0281839        0.305661
        -2.36242         -0.9154        0.762683
        -0.12086        -2.21719       -0.248625
        0.663054        0.207305        0.196212
       -0.965109         2.27227       -0.651947
        0.432284         1.03951         1.25919
         1.13021        0.105076        0.855664
       -0.296457        -1.70903         1.40662
         2.66284         1.09864         1.69113
        0.977909        0.218098        -1.61483
        0.288841        -1.26827        -0.90017
         1.27104        0.838199         0.18656
       -0.272645        0.754263        0.501043
        0.444354          2.6615       -0.569652
       -0.729254       -0.499072       -0.606705
      -0.0318821          2.3727       -0.926056
       -0.688736         1.55381        -2.01352
         0.97411         1.07415       -0.999462
        0.963664       -0.656176         1.15374
        0.280618        0.531219        0.174659
         1.40055         2.02256         1.15482
       -0.630664         1.35734        0.529698
        0.651839        0.453819       -0.124187
         -0.4771         1.02982        -0.37021
        -1.39276       -0.646872        -0.41186
        0.117396        -1.87465        -1.55159
         1.91802       -0.676392        -1.04845
       0.0879621        0.328249         1.97183
        -1.19921        0.449608       -0.568587
        0.893007         2.15554        0.559644
         1.02802       -0.300881       -0.722577
         1.33584       -0.331062       -0.520911
        -1.13441         1.27019        0.155787
         0.23369       -0.733568       -0.794002
         1.07754        -1.47133       0.0179873
         1.76489        -1.79696       0.0151874
        -3.17438         1.73082        -0.21818
        0.277658        -1.27022        0.364266
       -0.818377       -0.299678       -0.774715
         1.21071         1.18368        -1.64805
        -1.60204        0.517566       -0.194701
         1.44775       -0.425234       -0.199439
        0.191872       -0.922365        0.430984
        0.607749        -1.02804        0.508132
         0.32191         2.06343        -2.56121
        -1.81833        0.503463         1.09992
        0.594395        -1.54219       -0.569912
         -1.3698        -1.35967         1.35932
       -0.353696        -2.44387         1.31635
       -0.436427       0.0619184       -0.810289
       -0.702546        0.856848        0.139362
       -0.375211        0.142085        0.758567
         1.82587       -0.892864         -2.1579
         1.70426       0.0572652       -0.203836
        -1.12516      -0.0451047        -2.26873
       -0.689326         1.19179         1.84974
       -0.933132       0.0604577        0.136675
        -1.24462         1.01212         2.03768
        -2.03961        -1.20365        0.251769
         1.67837       -0.695669        -1.91928
       -0.560681        -0.14655        0.502169
         1.33941       -0.057154       0.0368728
       -0.591087       -0.512895         1.72329
        0.532632        -1.47139        0.291174
       -0.478196       -0.966703        0.686496
       -0.474946        0.360994        0.248665
         1.38917        0.457947        -1.98505
        0.876648        0.970451       -0.186007
        0.433794        -2.00516        -1.61144
       0.0431707        0.321905        0.765805
        0.583517         1.28076        0.227526
         0.26096       -0.544869         2.58525
        -2.07548        0.562508        0.623843
        0.539719        0.241117        -2.04408
        -0.32075       -0.934585        0.309887
        -1.51098         1.06334        -0.70016
        -1.18771        0.311873       -0.338077
         0.73025        0.670614        0.800949
      -0.0676902       -0.385929        0.638969
       -0.225892         1.46684       -0.890426
        0.318072        -3.42272         1.06016
         1.15141         1.76417         0.72695
          1.0186        0.247114        -1.36968
       -0.199705        0.343697       -0.383564
       0.0806064       -0.227122        0.122483
        0.392562       -0.671454        -0.41798
        -1.65152        -1.85335         2.93722
        -1.31496        -0.32828        -1.40066
        0.257535       -0.138919       -0.477096
        0.214649         1.17257       -0.128147
       -0.485424        -1.00486        0.110619
         0.49243       -0.134078       -0.751851
       -0.332599       -0.903708        0.954426
        0.434146       0.0372903       -0.296329
          1.2123        -0.95208        -1.75146
       -0.657569       0.0251309         2.05652
       -0.554228       -0.827059       -0.320145
       0.0026382        0.853595        0.599203
        0.209849         0.46176        -2.69842
        -1.28905         1.09125        0.392493
        -1.20578      -0.0438759        -0.65737
       -0.638204        0.136793        0.199502
