        0.380601        0.804612        0.770422
        -1.51509        0.952041       -0.750264
        0.695104        -1.64013        0.550798
       -0.363483        -1.02085          1.5332
         1.15665        -1.02334         0.09016
       -0.836941           1.541        0.373589
        -1.75578         1.84759         1.28692
        -1.68312        -1.84818        0.123578
        0.397235        -1.40116         2.51137
       -0.664587        -1.14064       -0.913867
       -0.594221         1.33858        -1.67208
        0.480462       -0.434821      -0.0424666
        0.936084        0.042444        0.157241
         1.49787         1.02508        0.318406
         0.05536         1.27556       -0.762971
        -0.76058         0.66875         1.07855
         2.27379        0.271951        -0.41063
        -0.54686         1.17343        -1.12269
         1.69813        -1.91827       -0.209085
        0.750861       0.0168005         1.47233
         1.24761        -1.42355       -0.706429
         1.27611        -1.42154        -2.76426
         1.06626           1.022        0.438728
       -0.362807        0.818412         1.51668
         0.38099        0.335379       0.0952304
        -1.81827         0.25382        -1.07337
        -0.59426       -0.903106           1.262
        0.480643        -1.42346         1.41815
         2.20556       -0.144289        0.939635
       -0.208596       -0.122524       -0.355635
         2.11461       -0.890084        0.189975
        -1.19096        0.720103         -1.8573
         1.41778         2.27353          1.0919
        0.429011        0.829153        0.418503
        0.105057        -1.49878       -0.675107
         1.63623        0.750187       -0.251582
        0.583174        -1.08914        0.656504
        -1.48002        -1.09624        0.785753
        0.648011      -0.0212304        -1.40442
        0.676304       -0.602762        -1.16162
        0.575171         1.00467        0.383159
       -0.624609        -1.18287        0.119262
        0.174298       -0.430325        0.159336
       -0.451871         1.60354         2.31811
        -1.62865         1.27927       -0.755366
      -0.0921001        -1.55156        -1.50998
        -1.00034        0.664853        -2.27622
       -0.158675         0.49539       -0.331647
        0.421362        0.575952       -0.999356
        0.944127        0.727121       -0.430514
        0.169732        -2.01912         1.89632
       -0.258172        -1.20321         1.92894
        0.348134         1.14674       -0.367504
        -0.99054      -0.0605039        0.227561
        0.138441        0.450127        0.100339
       -0.438085       -0.942822       -0.480657
         1.82671         -0.1754         1.40102
        -1.02427         0.53628        0.164692
        0.934293        0.570096      -0.0057858
        0.520346        0.458719        -1.15059
          1.0679        0.994961        0.156783
       0.0430004        0.310536         -1.8768
        0.138859       -0.521396         1.92376
        -0.43564        -1.62452        0.580972
         1.12676         1.37898       -0.910951
         1.56097        0.800872       -0.836334
        -1.48973       -0.289785        -0.60282
        -1.91237        -2.08854        -2.01854
         -1.3625        0.826463       -0.483584
        0.175723        0.646774        0.323242
        0.461331         1.00361        -1.17344
       -0.512451       -0.296804       -0.936452
        0.283368        0.803033        0.422732
        -1.26371         1.71268         1.41216
         1.04878       -0.828512        0.103537
       -0.511906        0.438121       -0.116685
        0.523196        0.395236         1.26256
       -0.685694       -0.230696        -1.26394
       -0.731197         1.00191        0.468521
        0.943416       -0.974324         1.31217
       -0.152032        -1.10661        -1.20312
       0.0847257     -0.00078094       0.0324305
        -1.10377        0.410069        -1.02028
      -0.0341544       -0.143246       -0.866709
        -2.07966        -1.30129       -0.283524
       -0.296651      -0.0601409        0.853556
         0.80478       -0.580138       -0.304097
        -0.96291        -1.34244        -1.45273
       0.0354131        0.272175         1.26217
         1.32807        0.175872       -0.732269
         1.74035      -0.0959671       -0.804043
        0.265068         1.25956        -1.36549
        -1.56968         1.46036         2.08298
        0.281136       -0.826124        0.537312
       -0.063354        -1.62078        -1.20705
        -2.31977         2.15811       -0.614464
         1.63314        -1.54987      0.00478515
       0.0520765        0.381541         1.12183
         0.16681        0.718141          2.3511
       0.0904213       -0.164445        0.740177
         0.55295       -0.770474       -0.918683
       -0.827645         1.58611        0.822146
       -0.227927       0.0118464        0.645581
         1.85977        -1.63871        0.855527
       -0.548293        0.392681        0.678103
        -1.76354       -0.188535        -1.74518
        -2.15572        -1.40694       -0.402235
        -2.85692          1.6681       -0.151718
