        0.399679        0.770075         1.66777
       -0.589969       -0.150958        0.647551
        0.344099       -0.155863       -0.547226
        0.208974        -1.33797       0.0179389
       -0.369214        0.584905       -0.310038
       -0.620208        -0.02831        0.353453
       -0.235824        0.157569        -1.02421
        0.584894        -1.13848       -0.227077
       -0.511794         0.75556         -1.1704
       -0.281549         0.24342        0.883059
         1.04736        0.932146        0.590031
        0.866289       -0.385884        0.748458
       -0.168159        -1.16562       -0.224954
        -0.21345         1.19331       -0.627609
        0.827306        -1.97139        0.134821
        0.453889       0.0232085        -1.23536
        0.417577         1.96148       -0.136485
        -2.23338        0.789705       -0.107994
        0.786304        0.868446        -2.15983
         2.27042        0.826729        0.889908
        -1.35298        -2.36964       -0.408397
      -0.0448683        0.923128       -0.598352
        0.209354       -0.310563        0.213559
       -0.186226       0.0639344         2.11632
        -1.40467         1.26668        -1.34928
       -0.535943        -1.01547       -0.100109
       -0.235171        -2.23122         1.25719
       -0.139231       -0.725744        0.736403
        -1.06825       -0.713686        -0.41383
        -2.51849        0.153566         1.32114
        0.391885         1.35451        -1.07344
       -0.235893        0.423689      -0.0774851
        0.646451       -0.832183        0.317564
        -1.32491       -0.412254        0.458934
        0.681495        0.600781        -0.19656
         1.49379         0.86277        -1.58982
         1.24409       -0.684567       -0.224524
       -0.353217        0.274776        0.423815
         1.34254      -0.0283499       -0.547432
        0.164784        0.263639         1.22376
      -0.0956891        0.310947        -0.99889
         1.19195        0.722912       0.0305214
        0.262587        0.611187        0.413734
        -0.35441        0.017754       -0.580535
        -2.46935       -0.792129       -0.308506
       -0.625864        0.570587        -1.00997
        0.474624        0.541419       0.0208162
        -1.46228        0.294838         1.42576
       0.0550545       0.0431572        -1.07712
        -1.42247         0.87146        -1.69654
         1.39229       -0.821957       -0.304536
        0.151455         1.72463      -0.0504618
       -0.152035        0.733977       -0.347557
       -0.896028         1.13761     -0.00367498
        0.909615       -0.220601         1.05267
       -0.323485        -1.47314      -0.0358083
       -0.617947       0.0926512        0.277339
         1.13387       -0.572424       -0.209894
       -0.400137        -0.25564         1.41176
       -0.340082        0.204666        0.467676
        0.088237        0.517981      -0.0570136
         1.31696        0.304855        -1.82185
       0.0173759         1.31486        0.420788
        0.483184      -0.0799443        -1.27794
        0.363083       0.0126621         -0.0594
        0.441242        -1.51671       -0.738994
       -0.827697         -1.7769        -1.70247
         1.41132         -1.1689         1.06143
         1.32131       -0.838653        0.698116
       -0.246599        0.848837        0.122062
        0.521371        0.608869        0.653382
       -0.906649        0.601091        0.676898
       -0.183744        0.130121       -0.739247
        -0.52289         1.79093       0.0556139
         1.53013        0.477561         1.99255
      -0.0413473       -0.538535         1.32988
        -1.62343        -2.04166        0.192043
        0.275399      -0.0977474       -0.968018
        0.117331       -0.920431        0.512428
        0.734339        0.778631         0.43413
       -0.423252       -0.640282        0.546664
       -0.260947       -0.351271       -0.971647
        0.668843        -1.96137         1.19661
        -0.80908        -0.27597       -0.707362
       -0.136059        -1.38913        -1.32059
        -0.06857       -0.305173       -0.396693
         1.32664        0.363036        0.247138
      -0.0519754       -0.178922        0.768156
       -0.279217        0.492048         1.19177
       -0.550553         0.80475         1.06995
       -0.675821        0.340591        0.609304
        0.503648        0.167595       -0.189848
        0.831968        -1.63333        0.102438
       -0.719466      -0.0495417        -0.16299
       -0.616538         1.92297         1.72708
         1.22093       -0.836073        0.786967
        0.353666        0.793306       -0.884382
        0.897264        -0.98893       -0.755917
        -1.11504       -0.134617       -0.879351
       -0.446768         1.25526         0.96102
       0.0845007       -0.712149        0.405626
       -0.547867        -1.86436        0.287614
       0.0303768        -1.25651       -0.907037
       -0.134863         1.17571        0.392032
         2.09713        0.980589       -0.312851
       -0.561976         1.13949        -2.12094
       -0.167686         1.15729        0.602743
       -0.887672        0.200276       -0.197949
