T U Err_U M Err_M Cv Err_Cv X Err_X
0.5 -48.7291 0.0287815 1.59263 2.30193 16.2828 0.219446 3974.73 30.4362 
0.51 -48.5543 0.0261579 1.13478 1.83951 17.2812 0.19291 3766.22 24.9886 
0.52 -48.3671 0.0240315 -0.512478 1.90772 18.1775 0.147245 3559.12 21.6637 
0.53 -48.2125 0.0265564 0.02975 2.12464 18.6258 0.16969 3393.99 23.439 
0.54 -48.036 0.0307817 -0.021118 1.83244 19.1861 0.160794 3216.97 26.5063 
0.55 -47.7993 0.0306824 0.34547 1.5973 19.9198 0.157413 3006.17 25.4547 
0.56 -47.5853 0.0330932 0.364438 1.38154 20.2957 0.131686 2827.37 28.0625 
0.57 -47.3983 0.0327549 0.356174 1.23218 20.757 0.126206 2681.84 27.6358 
0.58 -47.1772 0.0230576 0.304644 1.24575 20.8564 0.122329 2510.67 19.7357 
0.59 -46.9696 0.032324 1.25681 1.22358 21.1213 0.148168 2372.21 26.0026 
0.6 -46.7504 0.0343961 0.119566 0.901681 21.2405 0.143825 2226.71 28.738 
0.61 -46.5389 0.0350588 -0.309168 0.811886 21.3931 0.155405 2096.18 28.3055 
0.62 -46.3281 0.0309919 -0.14541 0.742392 21.4161 0.153873 1965.24 24.8104 
0.63 -46.102 0.029695 -0.040992 0.657781 21.4079 0.154691 1835.73 21.8856 
0.64 -45.8909 0.0266884 -0.257032 0.730884 21.4018 0.154553 1726.91 17.8043 
0.65 -45.65 0.0308238 -0.027146 0.628065 21.4907 0.173686 1616.51 21.0912 
0.66 -45.4466 0.0328398 0.130742 0.589503 21.668 0.170746 1532.68 21.3321 
0.67 -45.2032 0.0283655 -0.319936 0.671195 21.6464 0.167737 1435.7 18.108 
0.68 -44.9834 0.0218267 -0.375496 0.632503 21.5563 0.142523 1348.74 11.9389 
0.69 -44.7871 0.0236457 -0.568694 0.63836 21.6553 0.123861 1286.62 12.5866 
0.7 -44.5666 0.0233429 0.088904 0.619898 21.6896 0.0925209 1217.23 11.5216 
0.71 -44.3434 0.0250281 0.21796 0.587233 21.7503 0.106952 1152.57 13.5874 
0.72 -44.1284 0.0234122 0.028584 0.532702 21.6772 0.110297 1092.94 11.9162 
0.73 -43.9098 0.0251063 -0.065054 0.521259 21.7887 0.104874 1041.2 11.6488 
0.74 -43.7171 0.0264905 -0.249498 0.481123 21.8264 0.0919771 1004 11.4824 
0.75 -43.5086 0.0261984 -0.387862 0.470416 21.9432 0.105112 965.231 11.6593 
0.76 -43.2899 0.0257304 -0.26371 0.398184 21.9994 0.101152 916.374 11.461 
0.77 -43.0731 0.0211139 -0.420174 0.36857 22.0556 0.0851137 877.618 9.46836 
0.78 -42.856 0.0243335 -0.347028 0.365518 22.032 0.0874036 836.04 9.69809 
0.79 -42.6351 0.0213988 -0.168968 0.362411 22.0528 0.0908098 798.933 8.29419 
0.8 -42.4089 0.0215566 -0.05487 0.3184 22.0874 0.084557 762.06 7.6186 
0.81 -42.1835 0.0218033 0.145526 0.294894 22.0097 0.0786146 727.097 8.30976 
0.82 -41.9614 0.0217287 0.06376 0.293125 21.9947 0.0703479 693.781 8.19503 
0.83 -41.737 0.0234983 0.12652 0.276676 21.9296 0.0784299 665.292 8.35722 
0.84 -41.517 0.0214795 0.147402 0.260528 21.9196 0.0605893 637.911 6.74236 
0.85 -41.2972 0.0198651 0.21472 0.242816 21.8485 0.0682462 609.786 6.03583 
0.86 -41.0767 0.0178302 0.193134 0.180712 21.8452 0.0783254 585.007 5.3624 
0.87 -40.8709 0.017241 0.252882 0.196544 21.9091 0.0623626 566.313 5.239 
0.88 -40.6576 0.0158997 0.21923 0.190075 21.8588 0.0646123 546.322 4.79898 
0.89 -40.4425 0.0158032 0.186292 0.186751 21.8437 0.0616032 528.419 4.4905 
0.9 -40.2175 0.0162063 0.161642 0.187147 21.8061 0.0485023 508.37 3.96794 
0.91 -39.9998 0.0169217 0.17037 0.203361 21.7304 0.044371 491.255 3.36182 
0.92 -39.7896 0.0143239 0.171726 0.201637 21.664 0.0405766 475.258 3.06282 
0.93 -39.5763 0.0147638 0.1313 0.191947 21.5813 0.0377279 460.289 3.03187 
0.94 -39.3574 0.0127481 0.119654 0.189159 21.5271 0.0412429 444.574 2.83606 
0.95 -39.1473 0.012015 0.074112 0.19946 21.4048 0.0420263 430.447 2.86339 
0.96 -38.9381 0.0144748 0.038402 0.199391 21.3467 0.0443988 417.974 2.88625 
0.97 -38.7294 0.014636 0.004052 0.176479 21.2083 0.056799 405.008 2.72248 
0.98 -38.5113 0.0131506 -0.015458 0.169939 21.1001 0.0612626 391.353 2.70128 
0.99 -38.2987 0.0132807 -0.0246 0.155342 20.9881 0.0515281 377.727 2.45894 
1 -38.083 0.0122184 -0.054368 0.146942 20.8721 0.0529411 367.267 2.30302 
1.01 -37.8716 0.0117898 -0.024554 0.143238 20.7923 0.0514271 356.793 2.05011 
1.02 -37.6636 0.0119748 0.031118 0.145033 20.6927 0.0536222 346.271 1.82678 
1.03 -37.4625 0.012706 0.01733 0.139619 20.5772 0.058385 336.094 1.68661 
1.04 -37.2567 0.0131132 0.022236 0.135248 20.4799 0.0579578 326.699 1.6134 
1.05 -37.0435 0.0138352 0.033112 0.124437 20.3689 0.0563623 317.069 1.62897 
1.06 -36.8355 0.0139701 0.074858 0.119099 20.2518 0.0503424 308.975 1.56245 
1.07 -36.631 0.0134223 0.04775 0.119546 20.143 0.0467294 300.581 1.53225 
1.08 -36.4323 0.0152701 0.0591 0.121262 19.9988 0.0453873 292.057 1.45473 
1.09 -36.2362 0.0143358 0.050542 0.113288 19.8874 0.0493145 285.588 1.47985 
1.1 -36.0389 0.0139066 0.061142 0.110173 19.7889 0.0453577 278.631 1.40963 
1.11 -35.8479 0.0127883 0.050472 0.106333 19.6593 0.0458426 272.515 1.39847 
1.12 -35.6473 0.0114724 0.087732 0.103907 19.5141 0.0438621 264.83 1.37648 
1.13 -35.4504 0.0105931 0.086228 0.0934332 19.3945 0.0476034 257.916 1.38704 
1.14 -35.2562 0.0115095 0.082148 0.0768311 19.2731 0.0532638 251.606 1.32326 
1.15 -35.0627 0.0106626 0.065564 0.0784084 19.1562 0.0519049 245.463 1.23375 
1.16 -34.8694 0.00926549 0.057516 0.0811203 19.0199 0.0460044 240.091 1.1179 
1.17 -34.6831 0.0104783 0.081856 0.0815719 18.8929 0.0423425 234.893 1.19889 
1.18 -34.4927 0.0108286 0.066292 0.0904148 18.7617 0.0394383 229.493 1.14828 
1.19 -34.3062 0.0105444 0.073468 0.0893999 18.6601 0.0383435 224.875 1.1588 
1.2 -34.1184 0.0108967 0.080884 0.0948018 18.5369 0.0325162 219.462 1.09463 
1.21 -33.9336 0.0107098 0.070518 0.0968522 18.4191 0.030746 214.536 0.94896 
1.22 -33.7527 0.0100728 0.072266 0.0916606 18.2558 0.0304234 209.849 0.946249 
1.23 -33.5744 0.0112541 0.092108 0.0865107 18.1293 0.0309375 205.591 0.908367 
1.24 -33.397 0.011256 0.108808 0.0851503 17.9891 0.0301847 201.441 0.963336 
1.25 -33.2141 0.0112203 0.113894 0.0804912 17.8634 0.0295957 197.514 0.972449 
1.26 -33.0342 0.0114716 0.09486 0.0724722 17.7282 0.0296972 193.365 0.954568 
1.27 -32.8596 0.0115353 0.07812 0.0732222 17.5812 0.0331791 189.442 0.971764 
1.28 -32.6842 0.0109429 0.082118 0.0714107 17.453 0.0341999 185.396 0.841223 
1.29 -32.5135 0.0108936 0.066458 0.0698401 17.3129 0.0314936 181.774 0.806237 
1.3 -32.3345 0.0113978 0.047014 0.0679838 17.1954 0.0317108 178.003 0.794919 
1.31 -32.1633 0.0111105 0.023242 0.069954 17.0531 0.0296437 174.689 0.812516 
1.32 -31.9898 0.0117697 0.002482 0.0651573 16.9398 0.0272164 171.12 0.812362 
1.33 -31.8218 0.0117987 -0.001006 0.0639554 16.7994 0.026376 167.977 0.802304 
1.34 -31.6577 0.0113932 0.007346 0.0679979 16.6591 0.0256234 164.924 0.89566 
1.35 -31.492 0.010928 -0.0108 0.0684493 16.5528 0.026953 162.126 0.906575 
1.36 -31.3241 0.0105948 -0.016798 0.0687792 16.4268 0.0249674 159.106 0.909061 
1.37 -31.16 0.0105581 -0.004416 0.0672421 16.3021 0.0264018 156.446 0.852627 
1.38 -30.9951 0.0114666 0.010422 0.0644743 16.1731 0.0268144 153.824 0.858913 
1.39 -30.8332 0.0112195 0.004018 0.0651887 16.0271 0.0259809 151.171 0.865787 
1.4 -30.6743 0.0111707 -0.001328 0.0641987 15.9003 0.0288955 148.679 0.802489 
1.41 -30.5134 0.0108616 -0.00403 0.0599989 15.7621 0.0288226 145.812 0.738935 
1.42 -30.3555 0.0108697 -0.008766 0.055802 15.6496 0.0297132 143.17 0.752647 
1.43 -30.1972 0.0107196 4.6e-05 0.0559297 15.5263 0.029364 140.831 0.752504 
1.44 -30.0428 0.0113069 0.014096 0.0541232 15.3961 0.0289104 138.499 0.758366 
1.45 -29.8882 0.0109766 0.00393 0.0534927 15.2681 0.0278742 136.296 0.697037 
1.46 -29.7351 0.0107836 0.003496 0.0512829 15.1422 0.0282917 134.037 0.670297 
1.47 -29.5848 0.0103184 -0.010156 0.0498874 15.0261 0.0280595 131.847 0.637182 
1.48 -29.4368 0.0111235 -0.015962 0.0469515 14.9052 0.0289369 129.669 0.622561 
1.49 -29.2898 0.0111734 -0.018606 0.0474836 14.7803 0.0277495 127.763 0.598734 
1.5 -29.1415 0.0104488 -0.012028 0.0519931 14.6637 0.0280847 125.789 0.601181 
1.51 -28.9931 0.0105048 -0.012302 0.0523171 14.5371 0.0270864 123.966 0.601086 
1.52 -28.8483 0.0105911 -0.00467 0.0533352 14.4302 0.0233292 122.019 0.582146 
1.53 -28.7039 0.0108071 0.006592 0.052605 14.3181 0.0224472 120.258 0.550399 
1.54 -28.5616 0.0106069 0.01105 0.0502744 14.2141 0.0214974 118.508 0.524208 
1.55 -28.419 0.010971 -0.000114 0.0492195 14.1054 0.0221482 116.748 0.516984 
1.56 -28.2779 0.0107002 -0.002562 0.0466046 13.9879 0.0230522 115.075 0.497806 
1.57 -28.137 0.0106111 -0.01014 0.046615 13.869 0.0240461 113.367 0.508808 
1.58 -27.9953 0.0107999 -0.010198 0.0442667 13.7546 0.0218814 111.82 0.484548 
1.59 -27.8575 0.0110017 -0.004964 0.0448085 13.6386 0.0213492 110.345 0.469774 
1.6 -27.7235 0.0108433 0.00251 0.0452268 13.524 0.0210279 108.875 0.459361 
1.61 -27.5867 0.0109661 0.011922 0.0467692 13.4174 0.0223153 107.342 0.460217 
1.62 -27.4533 0.0105689 0.017844 0.0485863 13.3136 0.0221034 105.907 0.445309 
1.63 -27.3212 0.0099315 0.01813 0.0458818 13.2029 0.0212191 104.459 0.42669 
1.64 -27.1913 0.0100352 0.015866 0.0457365 13.0856 0.0203302 103.059 0.397989 
1.65 -27.0616 0.0095612 0.018826 0.0440821 12.9789 0.0213939 101.76 0.397508 
1.66 -26.9322 0.010356 0.01729 0.0440644 12.8765 0.0195359 100.416 0.393071 
1.67 -26.8037 0.00979422 0.009356 0.0438309 12.7715 0.0189401 99.0895 0.395193 
1.68 -26.6783 0.00914739 0.004768 0.0437677 12.6734 0.0200642 97.751 0.37724 
1.69 -26.5532 0.00841282 0.011056 0.0418939 12.5696 0.0211498 96.537 0.371317 
1.7 -26.4283 0.00823185 0.011618 0.041004 12.4686 0.0207371 95.3537 0.352785 
1.71 -26.3046 0.00815961 0.010736 0.0402581 12.3615 0.021669 94.0953 0.354006 
1.72 -26.1833 0.00895694 0.020112 0.0393909 12.2588 0.0214281 92.9694 0.349947 
1.73 -26.0595 0.00852424 0.014508 0.0391788 12.1644 0.0205405 91.8973 0.345734 
1.74 -25.9369 0.00887067 0.013022 0.0375359 12.0705 0.0210197 90.6892 0.331136 
1.75 -25.8163 0.00889874 0.011164 0.0395552 11.9758 0.0210291 89.5357 0.32118 
1.76 -25.6953 0.00896782 0.016252 0.0383948 11.8811 0.0187156 88.4559 0.291362 
1.77 -25.577 0.00871471 0.015692 0.0386423 11.7983 0.0173869 87.4653 0.280295 
1.78 -25.4605 0.00895209 0.015692 0.038135 11.6972 0.0174697 86.4226 0.281732 
1.79 -25.3423 0.00864047 0.022884 0.0370137 11.5997 0.0177364 85.3492 0.269047 
1.8 -25.2265 0.0086894 0.026408 0.0370072 11.4983 0.0188417 84.3726 0.263366 
1.81 -25.1154 0.00861574 0.021592 0.0362878 11.4069 0.0177747 83.379 0.259767 
1.82 -25.0044 0.00796949 0.025762 0.0360198 11.3147 0.0174093 82.3857 0.259132 
1.83 -24.8933 0.00798904 0.0268 0.0350861 11.2244 0.0176483 81.4237 0.254802 
1.84 -24.7816 0.00809626 0.029192 0.0369835 11.134 0.0176146 80.6209 0.251856 
1.85 -24.6726 0.00786917 0.034216 0.0356528 11.0436 0.0174002 79.7091 0.259812 
1.86 -24.5613 0.00786921 0.021502 0.0348885 10.9593 0.0158939 78.8413 0.25006 
1.87 -24.4529 0.00782377 0.021108 0.0352486 10.8731 0.0149455 78.0236 0.251443 
1.88 -24.3442 0.0077709 0.019704 0.034271 10.7848 0.0158905 77.1552 0.25248 
1.89 -24.2369 0.00762401 0.01861 0.0330227 10.6983 0.0161527 76.3461 0.251979 
1.9 -24.131 0.00779664 0.017438 0.0329619 10.6131 0.0157394 75.4971 0.251561 
1.91 -24.0272 0.0081431 0.022168 0.0336563 10.5304 0.0162675 74.7381 0.244342 
1.92 -23.9245 0.0086116 0.025972 0.0329852 10.4535 0.0176323 73.939 0.243385 
1.93 -23.82 0.00798697 0.022022 0.0318161 10.375 0.0174762 73.1668 0.245832 
1.94 -23.7191 0.00758034 0.024958 0.0322415 10.2931 0.0174096 72.416 0.23256 
1.95 -23.6151 0.00731866 0.025286 0.0313834 10.2199 0.0177962 71.6468 0.21568 
1.96 -23.514 0.00750605 0.023974 0.0323129 10.1358 0.0178749 70.8975 0.22266 
1.97 -23.413 0.00764631 0.026588 0.0311364 10.0612 0.0177532 70.1119 0.216661 
1.98 -23.3143 0.0072992 0.027654 0.0322974 9.98647 0.0169117 69.4565 0.216796 
1.99 -23.2132 0.00665721 0.03066 0.034408 9.9082 0.0160676 68.7421 0.216763 
2 -23.1153 0.00651273 0.027866 0.033795 9.83217 0.0155581 68.0498 0.214101 
