         1.83413         -1.2283        0.262866
        -1.32495        0.320078        0.718658
       -0.569298        0.584398        0.856084
       -0.394013        0.981752         -2.4928
        0.173159        0.297901       -0.050296
       -0.373527         1.03119        0.250646
        0.883612       -0.310349         0.65945
        0.284037        0.665495        -1.77852
      0.00770464       -0.688053       -0.922657
        0.254684       -0.262916       -0.138397
        0.472725       -0.488252       -0.499227
         1.16114        0.814365       -0.126108
       -0.379847        0.668544       -0.639378
        -1.46247        -0.48929       -0.845553
       -0.885449        -1.46382       -0.302261
        0.375538        0.023181         1.02926
       -0.492007       -0.120641         0.71666
       -0.685778        0.928523       -0.575285
        -1.14842         0.20721        0.246409
        -1.81016         1.30561       -0.836626
          1.0583        -1.87367       -0.230737
      -0.0984635        -1.37117        -1.21928
        0.482819          1.1416        0.586001
         0.86841        0.738049       -0.601136
       0.0760644       -0.981111       -0.113423
       -0.741616        0.139933        -0.92419
         0.52845        0.745769       -0.339418
         1.39234       -0.472882        0.630426
        -1.32106     -0.00424153        -1.36378
        -1.40884       -0.950749        0.528074
       -0.706905         2.50331      -0.0478476
         1.33213         -1.3305         1.26179
        0.253071         0.95358       -0.208261
        -1.40101        0.236605       0.0392884
       -0.978506       -0.794025        0.646065
        0.905881         0.80955         1.00002
        -0.58626       -0.781969        0.357202
        0.356412       0.0951098        0.827291
       -0.125009       -0.445302       -0.806804
        0.053431        0.339573        -1.68264
        -1.82505        0.444218       -0.332386
        0.534937        0.641896       -0.258748
        -1.31739       -0.898187        0.509475
         1.01728       -0.694614        0.355974
         1.77176        0.223322        -1.29105
        0.647971       -0.603094         1.60998
       -0.541728        -1.34476         1.65493
        0.235146        -1.09644       -0.851667
        -1.71165       -0.603705        0.140654
        0.616214         0.74807       -0.858115
        -1.57685       -0.963173         1.47818
        0.833947       -0.342082         1.49859
        0.280787       -0.156812       -0.798648
       -0.503908        0.160291        0.641443
       -0.370938        0.831796      -0.0927807
       -0.116008         -0.8665        0.864238
      -0.0685547        0.613692        0.744167
        0.721924        0.599768       -0.675804
        0.601213      0.00269954        0.542426
       -0.782253         1.23924        0.863525
       -0.692581       -0.121418         1.48267
         2.54322       -0.587479       -0.049428
         1.05593       -0.100343        0.680359
       0.0489333       -0.933789        -1.28486
        0.714198         1.40068        0.457629
        -0.22303        0.407881        0.163805
        0.325528        -1.23568       0.0512936
        0.836486        0.726055       -0.704932
       0.0777762         1.30936       -0.730257
       -0.296984         1.13616        0.583322
       -0.104278        0.651462        -1.31358
       -0.608604        0.112987        -1.02917
       -0.748017       -0.904202        -1.53776
       -0.265561       -0.241088       -0.451632
        0.697176       0.0418037        0.470541
        -1.78651        0.632453        -1.06795
       -0.966574       -0.277212      -0.0457992
        0.881561        0.427795       -0.142625
       -0.979318        -0.41403        0.185443
        0.913425      -0.0609536         -1.1309
        0.917485       -0.308621        0.158247
       -0.449121      -0.0299756         1.65715
        0.526623       -0.951277       0.0930621
        -1.23691        0.749463        0.178575
         -0.2474        -0.69166       -0.905314
         1.41905        0.886044       -0.381391
         0.38799        -1.19579         1.25978
        0.782954         1.11157        0.351891
        0.198397        0.148895        -2.14966
       -0.252155         -1.3601        0.807489
       -0.362784        0.365129        0.517899
        0.166124        -0.20077        0.152004
       -0.504349        0.351336           1.518
       -0.280108         1.37873       -0.107757
         0.38215        0.529535         1.10896
       -0.464145       -0.638432        0.220862
         1.04815        0.482364       -0.263857
        0.868154        -1.05027        -1.72775
        0.186655         1.22605        0.489904
       -0.158171       -0.382326        -0.34029
        -0.97682         1.04078        0.710634
        0.171538       0.0491703        0.138701
         1.74106        0.699221        0.718394
        0.816815        -0.77082       -0.713017
        0.257121        -1.30197        0.896467
       -0.284861       -0.438992        0.650092
        0.801066       -0.664639       -0.168913
        -1.18458       -0.412805          0.9277
