#BLOCK ACTUAL AVE ERROR
1 1.10811 1.10811 0
2 1.1875 1.1478 0.0280676
3 1.25286 1.18282 0.0341718
4 1.28147 1.20749 0.033362
5 1.3152 1.22903 0.0329181
6 1.31005 1.24253 0.0300742
7 1.2974 1.25037 0.02678
8 1.30603 1.25733 0.0243195
9 1.30439 1.26256 0.0221722
10 1.33551 1.26985 0.0211212
11 1.34105 1.27633 0.0201684
12 1.33188 1.28095 0.0190115
13 1.33793 1.28534 0.0180472
14 1.31068 1.28715 0.0168487
15 1.31554 1.28904 0.0158314
16 1.30418 1.28999 0.0148702
17 1.30424 1.29083 0.0140191
18 1.30908 1.29184 0.0132769
19 1.28995 1.29174 0.0125785
20 1.34314 1.29431 0.0122093
21 1.36151 1.29751 0.01204
22 1.37944 1.30123 0.012055
23 1.36987 1.30422 0.0118945
24 1.37062 1.30699 0.0117163
25 1.32689 1.30778 0.0112747
26 1.32262 1.30835 0.0108554
27 1.32717 1.30905 0.0104757
28 1.32425 1.30959 0.0101157
29 1.33872 1.3106 0.0098166
30 1.35837 1.31219 0.00961768
31 1.36382 1.31385 0.00945052
32 1.36735 1.31553 0.00930188
33 1.38386 1.3176 0.00924762
34 1.36319 1.31894 0.00907232
35 1.34798 1.31977 0.00885097
36 1.3299 1.32005 0.00860958
37 1.35541 1.321 0.00842976
38 1.36571 1.32218 0.0082896
39 1.37213 1.32346 0.0081754
40 1.39147 1.32516 0.00814587
41 1.37064 1.32627 0.00802236
42 1.34977 1.32683 0.00785084
43 1.3417 1.32718 0.00767587
44 1.34432 1.32757 0.0075113
45 1.35412 1.32816 0.00736753
46 1.35531 1.32875 0.00723097
47 1.34012 1.32899 0.00708116
48 1.3491 1.32941 0.00694602
49 1.35113 1.32985 0.0068184
50 1.32017 1.32966 0.00668478
51 1.36183 1.33029 0.0065834
52 1.35594 1.33078 0.00647526
53 1.32931 1.33075 0.00635314
54 1.3442 1.331 0.00624037
55 1.40467 1.33234 0.00626901
56 1.37291 1.33307 0.00619877
57 1.36369 1.3336 0.00611325
58 1.38199 1.33444 0.0060645
59 1.36132 1.33489 0.0059788
60 1.35758 1.33527 0.0058911
61 1.32767 1.33515 0.00579584
62 1.35581 1.33548 0.00571193
63 1.38509 1.33627 0.00567528
64 1.35199 1.33651 0.00559191
65 1.34502 1.33664 0.00550742
66 1.32312 1.33644 0.00542778
67 1.35027 1.33665 0.00535069
68 1.33575 1.33663 0.00527202
69 1.34603 1.33677 0.00519737
70 1.343 1.33686 0.00512389
71 1.37419 1.33738 0.00507863
72 1.3473 1.33752 0.00500996
73 1.33865 1.33754 0.00494135
74 1.312 1.33719 0.00488661
75 1.33293 1.33713 0.00482179
76 1.32223 1.33694 0.00476233
77 1.3106 1.3366 0.00471275
78 1.32694 1.33647 0.00465395
79 1.33733 1.33648 0.00459506
80 1.34384 1.33658 0.00453854
81 1.32388 1.33642 0.00448521
82 1.35656 1.33666 0.00443724
83 1.33366 1.33663 0.00438393
84 1.32385 1.33648 0.00433437
85 1.3524 1.33666 0.00428743
86 1.39393 1.33733 0.00428897
87 1.42388 1.33832 0.00435352
88 1.3879 1.33889 0.00434035
89 1.3698 1.33924 0.00430546
90 1.346 1.33931 0.00425828
91 1.36805 1.33963 0.00422318
92 1.37025 1.33996 0.00419038
93 1.3595 1.34017 0.00415058
94 1.33138 1.34008 0.00410748
95 1.32903 1.33996 0.00406589
96 1.32587 1.33981 0.00402619
97 1.32288 1.33964 0.00398846
98 1.29692 1.3392 0.00397151
99 1.29677 1.33877 0.00395445
100 1.29542 1.33834 0.00393859
101 1.32513 1.33821 0.00390177
102 1.3399 1.33823 0.00386355
103 1.33229 1.33817 0.00382647
104 1.33427 1.33813 0.00378986
105 1.36007 1.33834 0.00375952
106 1.34373 1.33839 0.0037244
107 1.32557 1.33827 0.00369152
108 1.34107 1.3383 0.00365743
109 1.36123 1.33851 0.00362992
110 1.32753 1.33841 0.00359829
111 1.29675 1.33803 0.0035854
112 1.29031 1.33761 0.00357861
113 1.28967 1.33718 0.003572
114 1.32037 1.33703 0.00354371
115 1.33823 1.33704 0.00351291
116 1.3458 1.33712 0.00348343
117 1.34593 1.3372 0.00345447
118 1.31639 1.33702 0.00342969
119 1.34082 1.33705 0.00340102
120 1.33533 1.33704 0.00337271
121 1.34725 1.33712 0.00334589
122 1.3241 1.33701 0.00332017
123 1.3067 1.33677 0.00330231
124 1.34776 1.33686 0.00327687
125 1.30713 1.33662 0.00325927
126 1.32327 1.33651 0.00323513
127 1.31789 1.33637 0.00321298
128 1.32741 1.3363 0.00318864
129 1.32417 1.3362 0.0031653
130 1.31314 1.33602 0.00314592
131 1.30742 1.33581 0.00312947
132 1.33134 1.33577 0.00310595
133 1.36108 1.33596 0.00308842
134 1.33329 1.33594 0.00306544
135 1.33459 1.33593 0.00304274
136 1.36149 1.33612 0.00302617
137 1.38455 1.33647 0.00302466
138 1.37658 1.33677 0.00301667
139 1.37512 1.33704 0.00300757
140 1.35524 1.33717 0.00298889
141 1.3534 1.33729 0.00296991
142 1.34894 1.33737 0.00295013
143 1.36538 1.33756 0.002936
144 1.36779 1.33777 0.0029231
145 1.38376 1.33809 0.00292009
146 1.40483 1.33855 0.00293566
147 1.42016 1.3391 0.00296772
148 1.35586 1.33922 0.00294982
149 1.31252 1.33904 0.00293546
150 1.32179 1.33892 0.00291815
151 1.33095 1.33887 0.0028993
152 1.30154 1.33862 0.00289061
153 1.32702 1.33855 0.00287271
154 1.33529 1.33853 0.00285413
155 1.33276 1.33849 0.00283596
156 1.31271 1.33832 0.0028226
157 1.33387 1.3383 0.00280476
158 1.37838 1.33855 0.00279846
159 1.34082 1.33856 0.0027809
160 1.32078 1.33845 0.00276573
161 1.37321 1.33867 0.00275697
162 1.37806 1.33891 0.00275065
163 1.34041 1.33892 0.00273379
164 1.32403 1.33883 0.00271863
165 1.30437 1.33862 0.00271016
166 1.27319 1.33823 0.00272235
167 1.27766 1.33786 0.0027301
168 1.30906 1.33769 0.00271923
169 1.34068 1.33771 0.00270319
170 1.31995 1.33761 0.00268931
171 1.34142 1.33763 0.00267368
172 1.32984 1.33758 0.00265852
173 1.35182 1.33767 0.00264442
174 1.31621 1.33754 0.0026321
175 1.33142 1.33751 0.00261729
176 1.31834 1.3374 0.00260468
177 1.36206 1.33754 0.00259369
178 1.35132 1.33762 0.00258027
179 1.35669 1.33772 0.00256806
180 1.3752 1.33793 0.00256222
181 1.34936 1.33799 0.00254884
182 1.31684 1.33788 0.00253748
183 1.33617 1.33787 0.00252363
184 1.30163 1.33767 0.00251759
185 1.28993 1.33741 0.00251717
186 1.27911 1.3371 0.00252308
187 1.31917 1.337 0.00251141
188 1.34139 1.33703 0.00249816
189 1.33421 1.33701 0.00248499
190 1.34943 1.33708 0.00247277
191 1.34583 1.33712 0.00246025
192 1.35627 1.33722 0.00244945
193 1.34229 1.33725 0.0024369
194 1.32822 1.3372 0.00242478
195 1.33731 1.3372 0.00241235
196 1.35035 1.33727 0.00240097
197 1.34625 1.33732 0.00238922
198 1.36286 1.33744 0.00238063
199 1.37098 1.33761 0.00237463
200 1.38142 1.33783 0.00237283
