#BLOCK ACTUAL AVE ERROR
1 -0.0430103 -0.0430103 0
2 -0.153734 -0.0983721 0.0391467
3 -0.258889 -0.151878 0.0508886
4 -0.303765 -0.18985 0.0503794
5 -0.363272 -0.224534 0.0508604
6 -0.368346 -0.248503 0.0476983
7 -0.363935 -0.264993 0.0436418
8 -0.38428 -0.279904 0.0406541
9 -0.387502 -0.291859 0.037854
10 -0.380645 -0.300738 0.0350944
11 -0.346801 -0.304925 0.0321529
12 -0.340353 -0.307878 0.0296087
13 -0.347151 -0.310899 0.0274848
14 -0.315948 -0.311259 0.025524
15 -0.336712 -0.312956 0.0238787
16 -0.322406 -0.313547 0.0223936
17 -0.359458 -0.316247 0.0212385
18 -0.383787 -0.32 0.0203874
19 -0.338923 -0.320996 0.0193387
20 -0.380094 -0.323951 0.0185961
21 -0.427586 -0.328886 0.0183537
22 -0.425668 -0.333285 0.018039
23 -0.3941 -0.335929 0.0174474
24 -0.398395 -0.338532 0.0169134
25 -0.340866 -0.338625 0.0162372
26 -0.383226 -0.34034 0.015703
27 -0.418951 -0.343252 0.015389
28 -0.44045 -0.346723 0.0152259
29 -0.410338 -0.348917 0.014858
30 -0.388828 -0.350247 0.0144222
31 -0.393953 -0.351657 0.0140257
32 -0.42342 -0.3539 0.0137655
33 -0.447978 -0.356751 0.0136404
34 -0.456723 -0.359691 0.0135524
35 -0.429324 -0.36168 0.0133104
36 -0.463324 -0.364504 0.0132368
37 -0.411674 -0.365779 0.0129402
38 -0.407641 -0.36688 0.0126465
39 -0.461861 -0.369316 0.0125546
40 -0.421852 -0.370629 0.0123092
41 -0.367164 -0.370545 0.0120093
42 -0.371801 -0.370575 0.0117234
43 -0.404112 -0.371355 0.0114767
44 -0.366229 -0.371238 0.0112164
45 -0.434945 -0.372654 0.0110561
46 -0.372642 -0.372654 0.0108158
47 -0.354724 -0.372272 0.0105924
48 -0.37534 -0.372336 0.0103719
49 -0.413269 -0.373171 0.0101938
50 -0.444941 -0.374607 0.0100905
51 -0.400791 -0.37512 0.0099057
52 -0.373475 -0.375088 0.00971525
53 -0.409752 -0.375743 0.00955394
54 -0.437388 -0.376884 0.00944497
55 -0.453962 -0.378286 0.00937664
56 -0.43856 -0.379362 0.00927077
57 -0.433792 -0.380317 0.00915717
58 -0.410545 -0.380838 0.00901411
59 -0.324989 -0.379891 0.00891089
60 -0.354244 -0.379464 0.00877262
61 -0.349743 -0.378977 0.00864232
62 -0.357901 -0.378637 0.00850962
63 -0.409537 -0.379127 0.00838867
64 -0.389776 -0.379294 0.00825924
65 -0.431458 -0.380096 0.00817107
66 -0.445305 -0.381084 0.00810678
67 -0.426981 -0.381769 0.00801468
68 -0.42528 -0.382409 0.00792231
69 -0.419339 -0.382944 0.00782556
70 -0.392133 -0.383076 0.00771486
71 -0.40329 -0.38336 0.00761146
72 -0.405062 -0.383662 0.00751171
73 -0.416301 -0.384109 0.0074221
74 -0.42682 -0.384686 0.00734421
75 -0.397105 -0.384852 0.00724815
76 -0.410241 -0.385186 0.00716048
77 -0.430937 -0.38578 0.00709209
78 -0.447722 -0.386574 0.00704549
79 -0.380725 -0.3865 0.0069567
80 -0.352988 -0.386081 0.00688234
81 -0.339749 -0.385509 0.0068211
82 -0.35451 -0.385131 0.00674838
83 -0.341211 -0.384602 0.00668779
84 -0.387365 -0.384635 0.00660825
85 -0.363117 -0.384382 0.00653536
86 -0.343462 -0.383906 0.00647666
87 -0.358916 -0.383618 0.00640858
88 -0.346318 -0.383195 0.00634976
89 -0.369599 -0.383042 0.00628025
90 -0.3842 -0.383055 0.00621049
91 -0.38942 -0.383125 0.00614263
92 -0.400804 -0.383317 0.00607887
93 -0.392185 -0.383412 0.00601425
94 -0.389634 -0.383478 0.00595064
95 -0.383153 -0.383475 0.005888
96 -0.380634 -0.383445 0.00582674
97 -0.36714 -0.383277 0.0057691
98 -0.335372 -0.382788 0.0057309
99 -0.329525 -0.38225 0.00569821
100 -0.379347 -0.382221 0.0056413
101 -0.398334 -0.382381 0.0055877
102 -0.359797 -0.38216 0.00553731
103 -0.351255 -0.381859 0.00549167
104 -0.327803 -0.38134 0.00546341
105 -0.328653 -0.380838 0.00543437
106 -0.37147 -0.38075 0.00538382
107 -0.381262 -0.380754 0.00533351
108 -0.35634 -0.380528 0.00528891
109 -0.378078 -0.380506 0.00524044
110 -0.326341 -0.380013 0.00521588
111 -0.333865 -0.379598 0.00518543
112 -0.389409 -0.379685 0.00513987
113 -0.335168 -0.379291 0.00510946
114 -0.325896 -0.378823 0.00508607
115 -0.357521 -0.378638 0.00504521
116 -0.374287 -0.3786 0.00500186
117 -0.399547 -0.378779 0.00496231
118 -0.493105 -0.379748 0.00501395
119 -0.424434 -0.380124 0.00498585
120 -0.384373 -0.380159 0.00494443
121 -0.311627 -0.379593 0.0049359
122 -0.304372 -0.378976 0.0049338
123 -0.341489 -0.378671 0.00490309
124 -0.375184 -0.378643 0.00486363
125 -0.340481 -0.378338 0.0048343
126 -0.321793 -0.377889 0.00481671
127 -0.423514 -0.378248 0.00479216
128 -0.369292 -0.378178 0.00475524
129 -0.343125 -0.377907 0.00472613
130 -0.35956 -0.377765 0.00469188
131 -0.326876 -0.377377 0.00467212
132 -0.280196 -0.376641 0.00469437
133 -0.326377 -0.376263 0.00467427
134 -0.358589 -0.376131 0.00464124
135 -0.42921 -0.376524 0.00462349
136 -0.483231 -0.377309 0.00465559
137 -0.48204 -0.378073 0.00468395
138 -0.476157 -0.378784 0.00470363
139 -0.424434 -0.379112 0.00468124
140 -0.390735 -0.379195 0.00464854
141 -0.383586 -0.379227 0.00461567
142 -0.350665 -0.379025 0.00458755
143 -0.404606 -0.379204 0.00455895
144 -0.402103 -0.379363 0.00453007
145 -0.386626 -0.379413 0.0044991
146 -0.399443 -0.379551 0.00447038
147 -0.38275 -0.379572 0.00444002
148 -0.355719 -0.379411 0.00441294
149 -0.391168 -0.37949 0.00438403
150 -0.427474 -0.37981 0.00436646
151 -0.44518 -0.380243 0.00435895
152 -0.442465 -0.380652 0.00434945
153 -0.44511 -0.381074 0.00434138
154 -0.372741 -0.381019 0.00431353
155 -0.383405 -0.381035 0.00428573
156 -0.393912 -0.381117 0.00425905
157 -0.400303 -0.38124 0.00423367
158 -0.415595 -0.381457 0.00421246
159 -0.414756 -0.381666 0.00419117
160 -0.393992 -0.381743 0.00416568
161 -0.37222 -0.381684 0.00414023
162 -0.371667 -0.381623 0.00411513
163 -0.388383 -0.381664 0.00409009
164 -0.40328 -0.381796 0.00406728
165 -0.360889 -0.381669 0.0040446
166 -0.342301 -0.381432 0.00402718
167 -0.353709 -0.381266 0.00400649
168 -0.368423 -0.381189 0.00398337
169 -0.414309 -0.381385 0.00396462
170 -0.404163 -0.381519 0.00394356
171 -0.426657 -0.381783 0.00392932
172 -0.427341 -0.382048 0.00391539
173 -0.436454 -0.382363 0.00390537
174 -0.399446 -0.382461 0.00388416
175 -0.4272 -0.382717 0.00387037
176 -0.378815 -0.382694 0.00384844
177 -0.38581 -0.382712 0.00382674
178 -0.361633 -0.382594 0.00380707
179 -0.411767 -0.382757 0.00378929
180 -0.417452 -0.382949 0.00377314
181 -0.420487 -0.383157 0.00375799
182 -0.415977 -0.383337 0.00374166
183 -0.449797 -0.3837 0.0037388
184 -0.487874 -0.384266 0.0037611
185 -0.385909 -0.384275 0.00374078
186 -0.374728 -0.384224 0.00372102
187 -0.429645 -0.384467 0.00370904
188 -0.439346 -0.384759 0.00370079
189 -0.504949 -0.385395 0.00373544
190 -0.450138 -0.385735 0.00373129
191 -0.446794 -0.386055 0.00372543
192 -0.440152 -0.386337 0.00371666
193 -0.45871 -0.386712 0.00371627
194 -0.454166 -0.38706 0.00371335
195 -0.439332 -0.387328 0.00370397
196 -0.47983 -0.3878 0.00371502
197 -0.476043 -0.388247 0.00372307
198 -0.395922 -0.388286 0.00370446
199 -0.373423 -0.388212 0.0036866
200 -0.403968 -0.38829 0.00366901
