#BLOCK ACTUAL AVE ERROR
1 1.46524 1.46524 0
2 1.57277 1.519 0.0380178
3 1.68024 1.57275 0.0506776
4 1.72493 1.61079 0.0503005
5 1.78711 1.64606 0.0511279
6 1.79369 1.67066 0.0481645
7 1.7772 1.68588 0.0436223
8 1.79728 1.69981 0.040331
9 1.81294 1.71238 0.037758
10 1.78826 1.71997 0.0347364
11 1.80027 1.72727 0.0323366
12 1.76558 1.73046 0.0297991
13 1.73738 1.73099 0.0275116
14 1.72146 1.73031 0.0255549
15 1.74746 1.73145 0.0238768
16 1.76848 1.73377 0.0224964
17 1.79665 1.73747 0.021475
18 1.77625 1.73962 0.0203898
19 1.79797 1.74269 0.0195465
20 1.81713 1.74641 0.0189202
21 1.79208 1.74859 0.0181438
22 1.7734 1.74972 0.0173541
23 1.76873 1.75054 0.0166192
24 1.82035 1.75345 0.0161793
25 1.82754 1.75641 0.0158012
26 1.83164 1.75931 0.0154561
27 1.82486 1.76174 0.0150731
28 1.8726 1.7657 0.0150459
29 1.8415 1.76831 0.0147524
30 1.83837 1.77064 0.0144443
31 1.85342 1.77331 0.014223
32 1.87762 1.77657 0.0141471
33 1.85865 1.77906 0.0139353
34 1.81783 1.7802 0.013572
35 1.75636 1.77952 0.0132013
36 1.757 1.77889 0.0128494
37 1.80933 1.77972 0.0125285
38 1.83406 1.78115 0.0122801
39 1.81239 1.78195 0.0119913
40 1.79224 1.78221 0.0116943
41 1.85015 1.78386 0.0115259
42 1.83774 1.78515 0.0113226
43 1.8347 1.7863 0.0111178
44 1.83152 1.78733 0.0109125
45 1.86706 1.7891 0.0108129
46 1.87486 1.79096 0.0107374
47 1.90525 1.79339 0.0107808
48 1.86618 1.79491 0.0106623
49 1.88799 1.79681 0.0106126
50 1.86726 1.79822 0.0104934
51 1.85315 1.7993 0.0103428
52 1.86387 1.80054 0.0102182
53 1.89754 1.80237 0.010188
54 1.91091 1.80438 0.0101957
55 1.87851 1.80573 0.010099
56 1.87804 1.80702 0.0100009
57 1.8644 1.80802 0.00987596
58 1.91839 1.80993 0.00988731
59 1.87247 1.81099 0.00977639
60 1.83674 1.81142 0.00962287
61 1.84055 1.81189 0.00947696
62 1.80432 1.81177 0.00932489
63 1.85746 1.8125 0.00920504
64 1.82289 1.81266 0.00906264
65 1.79379 1.81237 0.00892787
66 1.81035 1.81234 0.00879265
67 1.84651 1.81285 0.00867619
68 1.79955 1.81265 0.0085508
69 1.7521 1.81178 0.00847179
70 1.76306 1.81108 0.0083793
71 1.7467 1.81017 0.0083102
72 1.74651 1.80929 0.00824169
73 1.76975 1.80875 0.00814656
74 1.80138 1.80865 0.00803708
75 1.7896 1.80839 0.00793393
76 1.81584 1.80849 0.00783014
77 1.82137 1.80866 0.00773024
78 1.86762 1.80941 0.00766801
79 1.88883 1.81042 0.00763655
80 1.87844 1.81127 0.00758827
81 1.82744 1.81147 0.00749722
82 1.82324 1.81161 0.00740716
83 1.85182 1.8121 0.00733374
84 1.79767 1.81193 0.00724844
85 1.82006 1.81202 0.0071638
86 1.87572 1.81276 0.00711868
87 1.85992 1.8133 0.00705746
88 1.87575 1.81401 0.00701285
89 1.8212 1.81409 0.00693452
90 1.78586 1.81378 0.00686456
91 1.80772 1.81371 0.00678945
92 1.81475 1.81373 0.00671566
93 1.79496 1.81352 0.00664648
94 1.84597 1.81387 0.00658473
95 1.82926 1.81403 0.00651741
96 1.82313 1.81413 0.00645021
97 1.82831 1.81427 0.00638537
98 1.8451 1.81459 0.00632796
99 1.89326 1.81538 0.00631375
100 1.93448 1.81657 0.00636196
101 1.86876 1.81709 0.00631992
102 1.84825 1.81739 0.00626534
103 1.85082 1.81772 0.00621291
104 1.86483 1.81817 0.00616966
105 1.88012 1.81876 0.00613905
106 1.89303 1.81946 0.00612098
107 1.94193 1.82061 0.00616986
108 1.93616 1.82168 0.00620481
109 1.87364 1.82215 0.00616617
110 1.89787 1.82284 0.00614841
111 1.85606 1.82314 0.0061003
112 1.83445 1.82324 0.00604666
113 1.82583 1.82327 0.0059932
114 1.81044 1.82315 0.00594168
115 1.78973 1.82286 0.00589712
116 1.78864 1.82257 0.00585366
117 1.78934 1.82228 0.00581051
118 1.82885 1.82234 0.00576153
119 1.88671 1.82288 0.00573846
120 1.87917 1.82335 0.00570977
121 1.91775 1.82413 0.00571564
122 1.95195 1.82518 0.00576401
123 1.88768 1.82568 0.0057395
124 1.87633 1.82609 0.00570773
125 1.87311 1.82647 0.00567445
126 1.83021 1.8265 0.00562949
127 1.82883 1.82652 0.0055852
128 1.86746 1.82684 0.00555071
129 1.85544 1.82706 0.00551211
130 1.8736 1.82742 0.00548132
131 1.87087 1.82775 0.00544951
132 1.85752 1.82797 0.00541289
133 1.83202 1.828 0.00537228
134 1.81344 1.8279 0.00533329
135 1.80506 1.82773 0.00529646
136 1.79222 1.82747 0.00526395
137 1.82364 1.82744 0.0052256
138 1.92528 1.82815 0.00523561
139 1.91604 1.82878 0.00523599
140 1.91429 1.82939 0.00523409
141 1.9284 1.83009 0.00524387
142 1.89646 1.83056 0.00522773
143 1.89322 1.831 0.0052095
144 1.90283 1.8315 0.00519715
145 1.94547 1.83228 0.00522041
146 1.91106 1.83282 0.00521246
147 1.90662 1.83332 0.00520112
148 1.88714 1.83369 0.00517867
149 1.83427 1.83369 0.00514392
150 1.8318 1.83368 0.00510964
151 1.80949 1.83352 0.00507831
152 1.86381 1.83372 0.00504881
153 1.87749 1.834 0.00502391
154 1.83807 1.83403 0.00499136
155 1.79034 1.83375 0.00496711
156 1.85704 1.8339 0.00493751
157 1.82161 1.83382 0.00490669
158 1.78105 1.83349 0.00488698
159 1.78495 1.83318 0.00486577
160 1.79179 1.83292 0.00484223
161 1.81349 1.8328 0.00481366
162 1.8651 1.833 0.00478807
163 1.81334 1.83288 0.00476022
164 1.82905 1.83286 0.00473125
165 1.8207 1.83278 0.00470315
166 1.84318 1.83285 0.00467523
167 1.86418 1.83303 0.004651
168 1.84837 1.83312 0.00462421
169 1.80888 1.83298 0.00459907
170 1.79463 1.83276 0.00457755
171 1.86579 1.83295 0.00455485
172 1.8795 1.83322 0.00453641
173 1.84525 1.83329 0.00451072
174 1.84496 1.83336 0.00448529
175 1.82873 1.83333 0.00445974
176 1.82189 1.83326 0.00443487
177 1.77306 1.83292 0.00442284
178 1.7541 1.83248 0.00442011
179 1.76528 1.83211 0.00441133
180 1.77605 1.83179 0.0043978
181 1.78504 1.83154 0.00438109
182 1.77092 1.8312 0.00436965
183 1.82284 1.83116 0.00434602
184 1.81965 1.83109 0.00432285
185 1.84294 1.83116 0.00429995
186 1.84543 1.83124 0.00427752
187 1.83593 1.83126 0.00425472
188 1.8386 1.8313 0.00423227
189 1.82224 1.83125 0.00421015
190 1.84123 1.8313 0.00418831
191 1.86176 1.83146 0.00416942
192 1.87268 1.83168 0.00415323
193 1.86774 1.83187 0.00413591
194 1.88351 1.83213 0.00412315
195 1.85223 1.83223 0.00410329
196 1.8841 1.8325 0.00409088
197 1.89172 1.8328 0.00408115
198 1.83553 1.83281 0.00406056
199 1.83129 1.83281 0.00404016
200 1.86314 1.83296 0.0040228
