#BLOCK ACTUAL AVE ERROR
1 0.98591 0.98591 0
2 1.05812 1.02202 0.0255303
3 1.12937 1.0578 0.0338145
4 1.15921 1.08315 0.0335437
5 1.20009 1.10654 0.0340246
6 1.20345 1.12269 0.0319583
7 1.1917 1.13255 0.0288734
8 1.20904 1.14211 0.0268006
9 1.22046 1.15081 0.0251969
10 1.20093 1.15583 0.0231702
11 1.23479 1.16301 0.0221481
12 1.21059 1.16697 0.0206543
13 1.19905 1.16944 0.0192124
14 1.20897 1.17226 0.0180464
15 1.24359 1.17702 0.0174585
16 1.24763 1.18143 0.016916
17 1.26644 1.18643 0.0166436
18 1.21324 1.18792 0.0157855
19 1.18396 1.18771 0.014956
20 1.19239 1.18795 0.0142101
21 1.21418 1.1892 0.0135882
22 1.19556 1.18948 0.0129737
23 1.18973 1.1895 0.0124096
24 1.19495 1.18972 0.0118946
25 1.21437 1.19071 0.0114596
26 1.21443 1.19162 0.0110551
27 1.20228 1.19202 0.0106527
28 1.19667 1.19218 0.0102736
29 1.22305 1.19325 0.00997428
30 1.27239 1.19588 0.00998459
31 1.23835 1.19725 0.00975604
32 1.22688 1.19818 0.009495
33 1.22656 1.19904 0.00924614
34 1.22337 1.19976 0.00900185
35 1.24638 1.20109 0.00884266
36 1.27755 1.20321 0.00884844
37 1.21806 1.20361 0.00861839
38 1.21144 1.20382 0.00839405
39 1.19823 1.20368 0.00818005
40 1.20088 1.20361 0.00797584
41 1.18037 1.20304 0.00780141
42 1.18754 1.20267 0.00762439
43 1.21753 1.20302 0.00745491
44 1.22662 1.20355 0.00730475
45 1.23905 1.20434 0.00718489
46 1.19208 1.20407 0.00703364
47 1.19608 1.2039 0.00688605
48 1.18153 1.20344 0.00675834
49 1.17601 1.20288 0.00664355
50 1.14573 1.20174 0.00660827
51 1.15752 1.20087 0.00653533
52 1.18301 1.20053 0.00641866
53 1.20558 1.20062 0.00629826
54 1.24436 1.20143 0.00623349
55 1.25191 1.20235 0.00618736
56 1.2349 1.20293 0.00610411
57 1.22785 1.20337 0.00601265
58 1.20443 1.20339 0.00590901
59 1.19431 1.20323 0.00581086
60 1.24686 1.20396 0.00575933
61 1.20668 1.204 0.00566509
62 1.17709 1.20357 0.00559032
63 1.18417 1.20326 0.00551006
64 1.19352 1.20311 0.00542607
65 1.21246 1.20325 0.00534449
66 1.19542 1.20313 0.00526483
67 1.19689 1.20304 0.00518708
68 1.20682 1.2031 0.00511109
69 1.21755 1.20331 0.00504131
70 1.20911 1.20339 0.00496997
71 1.1809 1.20307 0.00491006
72 1.19805 1.203 0.00484236
73 1.2078 1.20307 0.00477647
74 1.23025 1.20344 0.00472603
75 1.21537 1.20359 0.00466569
76 1.20409 1.2036 0.0046043
77 1.2187 1.2038 0.00454868
78 1.22961 1.20413 0.00450239
79 1.19584 1.20402 0.00444662
80 1.19003 1.20385 0.00439447
81 1.21062 1.20393 0.00434102
82 1.22189 1.20415 0.0042936
83 1.23288 1.2045 0.0042558
84 1.22912 1.20479 0.00421522
85 1.25062 1.20533 0.00419997
86 1.25357 1.20589 0.00418843
87 1.24374 1.20633 0.00416282
88 1.22171 1.2065 0.00411919
89 1.21487 1.20659 0.00407398
90 1.21973 1.20674 0.00403132
91 1.26409 1.20737 0.00403599
92 1.24487 1.20778 0.00401265
93 1.28379 1.2086 0.00405188
94 1.28295 1.20939 0.00408525
95 1.27626 1.21009 0.00410245
96 1.24971 1.2105 0.00408042
97 1.24787 1.21089 0.0040565
98 1.2538 1.21133 0.00403867
99 1.22341 1.21145 0.00399972
100 1.2211 1.21155 0.00396089
101 1.21793 1.21161 0.00392218
102 1.22134 1.2117 0.00388489
103 1.2245 1.21183 0.00384915
104 1.20476 1.21176 0.00381274
105 1.21287 1.21177 0.00377645
106 1.23289 1.21197 0.00374607
107 1.19501 1.21181 0.00371442
108 1.18234 1.21154 0.00369003
109 1.20086 1.21144 0.00365748
110 1.22626 1.21158 0.00362671
111 1.20292 1.2115 0.00359488
112 1.19536 1.21135 0.00356567
113 1.20225 1.21127 0.00353502
114 1.19002 1.21109 0.00350893
115 1.20402 1.21102 0.00347895
116 1.19555 1.21089 0.00345152
117 1.23709 1.21112 0.00342927
118 1.24948 1.21144 0.00341559
119 1.23563 1.21164 0.00339293
120 1.25389 1.212 0.00338287
121 1.27749 1.21254 0.00339794
122 1.25932 1.21292 0.00339166
123 1.2712 1.21339 0.00339702
124 1.27152 1.21386 0.00340182
125 1.22962 1.21399 0.00337694
126 1.21851 1.21402 0.00335033
127 1.25695 1.21436 0.00334095
128 1.30465 1.21507 0.00338849
129 1.29009 1.21565 0.00341177
130 1.26402 1.21602 0.00340576
131 1.23164 1.21614 0.00338184
132 1.24512 1.21636 0.00336334
133 1.25483 1.21665 0.00335047
134 1.21273 1.21662 0.00332559
135 1.20371 1.21653 0.00330233
136 1.21534 1.21652 0.00327806
137 1.20666 1.21644 0.00325493
138 1.20434 1.21636 0.00323252
139 1.20998 1.21631 0.00320959
140 1.22875 1.2164 0.00318789
141 1.26118 1.21672 0.00318106
142 1.24744 1.21693 0.00316601
143 1.22974 1.21702 0.00314514
144 1.23504 1.21715 0.00312578
145 1.2355 1.21727 0.00310679
146 1.19988 1.21716 0.00308779
147 1.23119 1.21725 0.00306826
148 1.22764 1.21732 0.00304833
149 1.20898 1.21727 0.00302839
150 1.22513 1.21732 0.00300865
151 1.24383 1.21749 0.00299385
152 1.29658 1.21801 0.00301903
153 1.29263 1.2185 0.00303843
154 1.31232 1.21911 0.00307916
155 1.30271 1.21965 0.00310617
156 1.25718 1.21989 0.00309556
157 1.24882 1.22007 0.00308132
158 1.27736 1.22044 0.00308308
159 1.24277 1.22058 0.00306689
160 1.25543 1.2208 0.00305544
161 1.24611 1.22095 0.00304051
162 1.23557 1.22104 0.00302308
163 1.19809 1.2209 0.00300781
164 1.20497 1.22081 0.00299104
165 1.23995 1.22092 0.00297516
166 1.25412 1.22112 0.00296395
167 1.23089 1.22118 0.00294678
168 1.24645 1.22133 0.00293308
169 1.23472 1.22141 0.0029168
170 1.21692 1.22138 0.00289976
171 1.18733 1.22118 0.00288963
172 1.18278 1.22096 0.00288144
173 1.21139 1.22091 0.00286531
174 1.23863 1.22101 0.00285066
175 1.22206 1.22101 0.00283438
176 1.20019 1.22089 0.00282074
177 1.22251 1.2209 0.00280482
178 1.23949 1.22101 0.002791
179 1.24273 1.22113 0.00277805
180 1.239 1.22123 0.00276439
181 1.21961 1.22122 0.00274913
182 1.21867 1.22121 0.00273406
183 1.2109 1.22115 0.0027197
184 1.18764 1.22097 0.00271101
185 1.19353 1.22082 0.00270041
186 1.18347 1.22062 0.00269335
187 1.22404 1.22064 0.00267901
188 1.20651 1.22056 0.00266581
189 1.19897 1.22045 0.00265415
190 1.19128 1.22029 0.00264462
191 1.22799 1.22033 0.00263108
192 1.22293 1.22035 0.00261741
193 1.20247 1.22026 0.00260549
194 1.21333 1.22022 0.0025923
195 1.20917 1.22016 0.00257963
196 1.23685 1.22025 0.00256787
197 1.20593 1.22018 0.00255586
198 1.21537 1.22015 0.00254307
199 1.23642 1.22023 0.0025316
200 1.21007 1.22018 0.00251946
