#BLOCK ACTUAL AVE ERROR
1 0.983891 0.983891 0
2 1.05598 1.01994 0.0254889
3 1.12733 1.05573 0.0338085
4 1.15715 1.08109 0.0335422
5 1.19817 1.1045 0.0340395
6 1.20188 1.12073 0.0320019
7 1.19063 1.13072 0.0289463
8 1.2091 1.14052 0.0269351
9 1.21097 1.14834 0.0250539
10 1.1724 1.15075 0.0226637
11 1.19999 1.15523 0.0210408
12 1.20556 1.15942 0.019701
13 1.19464 1.16213 0.0183708
14 1.19723 1.16464 0.0172289
15 1.20804 1.16753 0.0163215
16 1.20311 1.16975 0.0154521
17 1.2086 1.17204 0.0147111
18 1.23672 1.17563 0.014326
19 1.23997 1.17902 0.0139665
20 1.24181 1.18216 0.0136165
21 1.22361 1.18413 0.0131103
22 1.23998 1.18667 0.0127578
23 1.24722 1.1893 0.0124718
24 1.2134 1.19031 0.0119925
25 1.21674 1.19136 0.0115593
26 1.20045 1.19171 0.01112
27 1.2177 1.19268 0.0107497
28 1.25071 1.19475 0.0105637
29 1.20903 1.19524 0.0102109
30 1.18773 1.19499 0.0098736
31 1.2113 1.19552 0.0095691
32 1.19117 1.19538 0.00927103
33 1.22301 1.19622 0.00902782
34 1.22487 1.19706 0.00880154
35 1.1936 1.19696 0.00855063
36 1.20461 1.19717 0.00831575
37 1.21488 1.19765 0.00810476
38 1.23242 1.19857 0.00794296
39 1.24363 1.19972 0.00782287
40 1.25899 1.20121 0.00776637
41 1.25429 1.2025 0.0076841
42 1.2467 1.20355 0.00757288
43 1.2511 1.20466 0.00747706
44 1.23678 1.20539 0.00734268
45 1.21431 1.20559 0.00718219
46 1.19963 1.20546 0.00702722
47 1.19205 1.20517 0.00688349
48 1.22468 1.20558 0.00675207
49 1.24718 1.20643 0.00666743
50 1.21544 1.20661 0.00653651
51 1.19097 1.2063 0.00641554
52 1.20275 1.20623 0.00629253
53 1.18859 1.2059 0.0061826
54 1.19405 1.20568 0.006072
55 1.23482 1.20621 0.00598467
56 1.25223 1.20703 0.00593396
57 1.22211 1.2073 0.00583575
58 1.23891 1.20784 0.00576053
59 1.26741 1.20885 0.0057507
60 1.26156 1.20973 0.00572157
61 1.24331 1.21028 0.00565419
62 1.22754 1.21056 0.00556984
63 1.24279 1.21107 0.00550488
64 1.2685 1.21197 0.00549152
65 1.27057 1.21287 0.00548054
66 1.25446 1.2135 0.00543362
67 1.22749 1.21371 0.00535653
68 1.22793 1.21392 0.00528184
69 1.20262 1.21375 0.00520783
70 1.22803 1.21396 0.00513742
71 1.23451 1.21425 0.00507321
72 1.22336 1.21437 0.00500433
73 1.23043 1.21459 0.00494061
74 1.23359 1.21485 0.00488051
75 1.27186 1.21561 0.00487427
76 1.24413 1.21599 0.00482455
77 1.24604 1.21638 0.00477766
78 1.27326 1.21711 0.00477174
79 1.29417 1.21808 0.00481002
80 1.30717 1.21919 0.00487711
81 1.30104 1.2202 0.00492047
82 1.31035 1.2213 0.00498177
83 1.26102 1.22178 0.00494468
84 1.24051 1.22201 0.00489083
85 1.23897 1.22221 0.00483736
86 1.261 1.22266 0.0048021
87 1.21691 1.22259 0.00474736
88 1.21674 1.22252 0.00469388
89 1.24382 1.22276 0.00464724
90 1.23879 1.22294 0.00459901
91 1.25209 1.22326 0.00455962
92 1.22276 1.22326 0.00451006
93 1.23829 1.22342 0.00446446
94 1.23412 1.22353 0.00441842
95 1.26137 1.22393 0.00438982
96 1.25766 1.22428 0.00435814
97 1.24715 1.22452 0.00431958
98 1.23591 1.22463 0.00427707
99 1.24396 1.22483 0.00423831
100 1.23155 1.2249 0.00419646
101 1.23264 1.22497 0.00415562
102 1.21452 1.22487 0.00411614
103 1.21688 1.22479 0.00407691
104 1.23376 1.22488 0.00403862
105 1.20432 1.22468 0.0040049
106 1.21286 1.22457 0.00396867
107 1.19638 1.22431 0.00394031
108 1.2274 1.22434 0.00390393
109 1.20647 1.22417 0.00387156
110 1.209 1.22403 0.00383882
111 1.22825 1.22407 0.00380442
112 1.26414 1.22443 0.00378724
113 1.26559 1.22479 0.0037712
114 1.24358 1.22496 0.00374171
115 1.21176 1.22484 0.00371094
116 1.16698 1.22435 0.00371232
117 1.18745 1.22403 0.00369396
118 1.19424 1.22378 0.00367127
119 1.23038 1.22383 0.00364084
120 1.24847 1.22404 0.00361628
121 1.2295 1.22408 0.00358668
122 1.21336 1.224 0.00355836
123 1.2013 1.22381 0.00353421
124 1.18767 1.22352 0.00351771
125 1.1764 1.22314 0.00350971
126 1.17037 1.22272 0.00350675
127 1.21578 1.22267 0.00347957
128 1.25145 1.22289 0.00345964
129 1.25168 1.22312 0.00344001
130 1.23648 1.22322 0.00341508
131 1.23887 1.22334 0.0033911
132 1.22461 1.22335 0.00336543
133 1.24681 1.22353 0.00334474
134 1.25562 1.22376 0.00332834
135 1.24183 1.2239 0.00330638
136 1.21853 1.22386 0.0032823
137 1.20855 1.22375 0.00326025
138 1.21571 1.22369 0.00323714
139 1.2384 1.2238 0.00321558
140 1.22549 1.22381 0.00319264
141 1.23772 1.22391 0.00317152
142 1.22668 1.22393 0.00314925
143 1.23164 1.22398 0.00312768
144 1.26271 1.22425 0.00311751
145 1.26096 1.2245 0.00310627
146 1.24693 1.22466 0.00308879
147 1.21387 1.22458 0.00306865
148 1.20923 1.22448 0.00304966
149 1.20897 1.22437 0.00303097
150 1.18011 1.22408 0.00302509
151 1.16865 1.22371 0.00302725
152 1.17546 1.22339 0.00302394
153 1.18681 1.22316 0.00301361
154 1.21504 1.2231 0.00299451
155 1.22541 1.22312 0.00297522
156 1.2038 1.22299 0.00295873
157 1.24056 1.22311 0.002942
158 1.22748 1.22313 0.00292351
159 1.22077 1.22312 0.00290516
160 1.22223 1.22311 0.002887
161 1.24886 1.22327 0.0028735
162 1.2296 1.22331 0.00285603
163 1.22476 1.22332 0.00283852
164 1.20475 1.22321 0.00282347
165 1.18131 1.22295 0.00281775
166 1.193 1.22277 0.00280655
167 1.22399 1.22278 0.00278975
168 1.22938 1.22282 0.00277342
169 1.24075 1.22293 0.00275904
170 1.23194 1.22298 0.00274332
171 1.26433 1.22322 0.00273791
172 1.26414 1.22346 0.00273231
173 1.25382 1.22363 0.00272215
174 1.26236 1.22386 0.00271558
175 1.25349 1.22403 0.00270534
176 1.26274 1.22425 0.0026989
177 1.26737 1.22449 0.00269462
178 1.23252 1.22453 0.00267986
179 1.22717 1.22455 0.00266493
180 1.2317 1.22459 0.00265042
181 1.23739 1.22466 0.00263672
182 1.22834 1.22468 0.00262231
183 1.23606 1.22474 0.00260872
184 1.24881 1.22487 0.00259782
185 1.25781 1.22505 0.00258987
186 1.29237 1.22541 0.00260112
187 1.25393 1.22557 0.00259167
188 1.23017 1.22559 0.002578
189 1.20224 1.22547 0.00256732
190 1.21224 1.2254 0.00255475
191 1.23128 1.22543 0.00254156
192 1.24642 1.22554 0.00253067
193 1.25028 1.22567 0.00252081
194 1.24469 1.22576 0.00250972
195 1.19044 1.22558 0.00250338
196 1.21595 1.22553 0.00249109
197 1.20214 1.22541 0.00248127
198 1.19677 1.22527 0.00247295
199 1.21863 1.22524 0.00246075
200 1.22272 1.22522 0.00244848
