T U Err_U M Err_M Cv Err_Cv X Err_X
0.5 -48.7142 0.0266345 -1.1064 1.55285 16.3141 0.218199 3955.67 26.3848 
0.51 -48.5399 0.0238105 1.60311 1.9386 17.2447 0.167355 3748.83 23.4748 
0.52 -48.3857 0.0274553 0.522738 1.70584 17.9365 0.172111 3573.71 25.8384 
0.53 -48.2082 0.0217017 1.34609 1.53671 18.654 0.148358 3385.97 19.0339 
0.54 -48.0139 0.0237224 -0.841492 1.35226 19.3382 0.144827 3196.44 20.8063 
0.55 -47.808 0.0247671 2.43661 1.02057 19.9225 0.137389 3007.46 22.1214 
0.56 -47.6026 0.0275614 0.250778 1.02838 20.2368 0.128769 2830.49 23.1491 
0.57 -47.4007 0.0273205 -0.390188 1.05884 20.5936 0.10514 2664.84 22.4056 
0.58 -47.2023 0.0245581 -0.457648 0.811189 20.8921 0.0993138 2516.83 19.6904 
0.59 -46.9954 0.0237199 -1.07337 0.781984 21.1661 0.0972306 2371.07 18.4647 
0.6 -46.7913 0.0262955 0.237768 1.14109 21.2754 0.0971926 2237.08 19.332 
0.61 -46.5804 0.0213363 0.287836 0.657382 21.351 0.130351 2108.13 15.9102 
0.62 -46.3651 0.0198544 -0.842414 0.563226 21.4649 0.118049 1983.88 16.0849 
0.63 -46.1379 0.0199941 -0.331666 0.547129 21.421 0.152707 1856.25 15.4933 
0.64 -45.9404 0.0213437 0.14873 0.762568 21.4797 0.127274 1757.99 14.8857 
0.65 -45.7071 0.0208543 -0.048766 0.548806 21.4125 0.104577 1638.09 14.5147 
0.66 -45.4949 0.0170907 0.61845 0.462121 21.4238 0.107427 1545.66 11.165 
0.67 -45.2739 0.0190815 0.148762 0.436536 21.3476 0.0825372 1457.79 12.0585 
0.68 -45.0719 0.0175897 -0.218664 0.430106 21.3765 0.106633 1382.52 10.5523 
0.69 -44.8814 0.0218968 -0.248218 0.295301 21.5207 0.144359 1325.91 14.7908 
0.7 -44.6455 0.0186747 0.41169 0.419379 21.5083 0.116765 1243.9 10.6559 
0.71 -44.4315 0.018917 -0.614338 0.460327 21.7024 0.100107 1187.55 9.26049 
0.72 -44.1938 0.0206762 -0.43906 0.461826 21.7928 0.101809 1120.17 10.066 
0.73 -43.9757 0.0175747 0.833406 0.302474 21.9459 0.0935274 1067.19 8.711 
0.74 -43.7539 0.015394 -0.120868 0.292 21.7412 0.112411 1009.77 7.75402 
0.75 -43.5356 0.014952 -0.23258 0.32768 21.9051 0.0800011 964.868 6.6466 
0.76 -43.3243 0.013298 -0.273886 0.253693 21.9367 0.103279 918.649 6.2568 
0.77 -43.0974 0.00984628 -0.456806 0.183361 21.9691 0.0995259 876.536 5.53212 
0.78 -42.8743 0.0110757 0.415292 0.209296 22.0355 0.0698741 837.235 4.14119 
0.79 -42.646 0.0163192 0.047656 0.248222 22.0472 0.0823205 799.993 4.60534 
0.8 -42.4229 0.0183799 -0.132076 0.17708 22.0032 0.0676358 762.877 5.4314 
0.81 -42.1964 0.0147851 -0.186016 0.167281 22.0265 0.0944871 730.584 4.10969 
0.82 -41.9687 0.0121484 -0.211954 0.187657 21.935 0.0871583 692.359 4.33027 
0.83 -41.7461 0.0128186 -0.209214 0.219101 21.9769 0.0656733 667.603 3.36503 
0.84 -41.5373 0.0109674 0.17117 0.155367 21.9741 0.0724987 642.707 4.15328 
0.85 -41.3191 0.00996256 0.255308 0.173293 22.0568 0.0755712 620.523 3.20251 
0.86 -41.1054 0.0122066 0.049832 0.17888 21.9932 0.0662301 595.881 2.59838 
0.87 -40.893 0.0121409 -0.003266 0.155892 21.9671 0.053608 575.859 3.585 
0.88 -40.6685 0.00985437 -0.141654 0.157657 21.9192 0.0609215 552.165 3.17679 
0.89 -40.4395 0.0105111 0.141582 0.166454 21.8429 0.0525277 529.276 3.02065 
0.9 -40.2269 0.0123254 0.138112 0.156944 21.7958 0.0469548 511.968 2.56409 
0.91 -40.0066 0.0121832 -0.14437 0.144203 21.7165 0.0470815 493.779 2.68445 
0.92 -39.7797 0.0102765 0.073594 0.142401 21.5838 0.0479557 476.888 2.81497 
0.93 -39.5689 0.0110841 -0.176782 0.140961 21.5386 0.0533329 463.336 2.52969 
0.94 -39.3409 0.0137384 -0.15358 0.109154 21.5344 0.0683668 443.541 1.95574 
0.95 -39.1443 0.0125715 -0.093258 0.145898 21.4896 0.0533942 432.418 1.61533 
0.96 -38.9195 0.0121056 -0.168416 0.119102 21.4022 0.0634718 415.555 2.00009 
0.97 -38.7037 0.0139278 0.025342 0.101898 21.2847 0.0529715 404.92 2.13881 
0.98 -38.5015 0.0123455 -0.009008 0.093036 21.178 0.0388645 390.724 1.91991 
0.99 -38.2901 0.0138171 -0.18696 0.106 21.1375 0.0536001 380.51 1.85981 
1 -38.0854 0.0111029 -0.112846 0.10119 21.0498 0.0471941 372.725 2.04526 
1.01 -37.8584 0.0101772 0.076686 0.128474 20.8812 0.0536709 358.849 1.78615 
1.02 -37.6622 0.0106369 0.151724 0.059353 20.7918 0.0502449 349.194 1.83626 
1.03 -37.4571 0.0116212 0.069366 0.0914584 20.6358 0.0563439 339.858 1.78417 
1.04 -37.2475 0.0122795 0.021386 0.0630791 20.543 0.0477017 330.363 1.64237 
1.05 -37.0548 0.0146524 0.27646 0.120023 20.5089 0.0397533 321.917 1.86031 
1.06 -36.8404 0.014422 0.016772 0.0855851 20.3614 0.0482383 312.086 1.63327 
1.07 -36.643 0.0134998 0.101628 0.100408 20.2936 0.0574847 305.598 1.50834 
1.08 -36.4411 0.0136201 -0.058468 0.0899794 20.0583 0.0595584 295.257 1.78672 
1.09 -36.2396 0.0135995 -0.043204 0.0799774 19.9243 0.0509496 287.007 1.56163 
1.1 -36.0324 0.012071 0.070126 0.0733538 19.8252 0.0323983 280.238 1.05205 
1.11 -35.8354 0.00951306 0.00789 0.0678635 19.7281 0.0410749 273.56 1.3331 
1.12 -35.6428 0.0112238 -0.068042 0.0662667 19.5913 0.0432935 266.895 0.930436 
1.13 -35.4506 0.011918 0.078612 0.0823749 19.448 0.0348239 260.003 1.26336 
1.14 -35.2557 0.0135347 0.055254 0.0667469 19.3353 0.0304668 254.883 1.24178 
1.15 -35.0651 0.0125903 0.093518 0.078408 19.2412 0.032833 248.526 1.0748 
1.16 -34.8764 0.0131468 -0.053614 0.0783544 19.1516 0.0391893 242.482 1.0888 
1.17 -34.6907 0.0132054 0.097164 0.0566657 18.9663 0.0406229 236.543 0.868044 
1.18 -34.4936 0.0142778 0.042076 0.0570072 18.8337 0.0341404 230.517 0.893917 
1.19 -34.2958 0.0127142 0.073372 0.0571614 18.7011 0.03602 225.53 0.905034 
1.2 -34.1044 0.0128194 -0.00393 0.0699394 18.5862 0.0339434 220.353 0.808823 
1.21 -33.9252 0.0131378 0.017824 0.0597233 18.4582 0.0294377 216.293 0.626358 
1.22 -33.7444 0.0110001 -0.047422 0.0502324 18.3302 0.0350257 210.462 0.666639 
1.23 -33.5492 0.0103134 0.056038 0.0513683 18.1728 0.0331166 205.789 0.558845 
1.24 -33.3752 0.00933945 -0.082464 0.0696495 18.0274 0.0322149 201.976 0.643276 
1.25 -33.1987 0.0103962 0.09101 0.0557824 17.8879 0.0304059 198.286 0.826574 
1.26 -33.0163 0.00941372 0.003558 0.0434852 17.7597 0.0266954 194.105 0.546302 
1.27 -32.8368 0.0082717 0.01291 0.0783423 17.6142 0.0304657 189.587 0.444531 
1.28 -32.6736 0.00946901 -0.052664 0.0457856 17.5213 0.0313949 185.979 0.544779 
1.29 -32.4855 0.00927523 -0.023828 0.04265 17.3808 0.0352927 182.694 0.537797 
1.3 -32.3101 0.0102211 -0.010406 0.061034 17.2232 0.030254 178.698 0.66582 
1.31 -32.1442 0.0114314 0.008066 0.0347369 17.0868 0.0213735 175.501 0.560666 
1.32 -31.9787 0.0106646 -0.049518 0.0404342 16.9884 0.0325423 172.465 0.597741 
1.33 -31.8135 0.0123292 0.05391 0.0553458 16.873 0.029245 168.888 0.455811 
1.34 -31.6482 0.0106152 0.06897 0.0574035 16.7072 0.0253978 166.8 0.467434 
1.35 -31.4752 0.010848 0.076142 0.0450202 16.5445 0.0269287 162.979 0.518712 
1.36 -31.3103 0.0101063 -0.044178 0.0485324 16.4345 0.0232118 160.196 0.483069 
1.37 -31.1468 0.0115975 0.071204 0.0464564 16.3023 0.0242356 157.098 0.496513 
1.38 -30.9757 0.0110292 -0.150128 0.0382379 16.1422 0.0301213 154.224 0.419362 
1.39 -30.8157 0.0115261 0.081302 0.0298483 15.9893 0.0261793 151.079 0.543004 
1.4 -30.6526 0.0118124 0.02038 0.0488762 15.873 0.0217941 148.214 0.420006 
1.41 -30.4986 0.0110703 -0.096596 0.0571001 15.7672 0.0196876 145.688 0.365845 
1.42 -30.3447 0.00989911 0.021604 0.047739 15.6276 0.0198194 143.429 0.425842 
1.43 -30.192 0.0120532 -0.002508 0.04455 15.5311 0.021814 140.85 0.33192 
1.44 -30.0386 0.0124293 -0.032294 0.0446821 15.3955 0.0249307 138.642 0.434485 
1.45 -29.88 0.0122031 -0.082454 0.0448789 15.2615 0.0226863 136.217 0.363166 
1.46 -29.7328 0.0101064 -0.022864 0.042241 15.1558 0.0242934 134.797 0.431925 
1.47 -29.5835 0.0105005 -0.033238 0.037368 15.0039 0.0258479 132.264 0.361817 
1.48 -29.4333 0.0109853 -0.067732 0.0286519 14.9027 0.0236364 130.752 0.394148 
1.49 -29.2857 0.00988795 0.01071 0.0462409 14.8219 0.0217458 128.942 0.353028 
1.5 -29.1362 0.011389 -0.008732 0.0377492 14.677 0.025113 126.615 0.284272 
1.51 -28.9898 0.012 0.028516 0.0406613 14.5262 0.0237745 124.614 0.496916 
1.52 -28.848 0.0112653 -0.036654 0.0300565 14.4157 0.0194396 122.964 0.359651 
1.53 -28.7 0.0114224 0.009336 0.0446715 14.3166 0.0172275 120.927 0.263087 
1.54 -28.5629 0.0117205 -0.074694 0.0410844 14.2023 0.0182778 119.071 0.262642 
1.55 -28.4222 0.0129509 -0.004038 0.0365166 14.079 0.0209181 117.342 0.271694 
1.56 -28.2709 0.0130331 -0.011804 0.0409759 13.9819 0.0227247 115.368 0.385232 
1.57 -28.1328 0.0119414 0.03123 0.0343413 13.8561 0.0206137 113.454 0.270262 
1.58 -27.9942 0.0129286 0.004688 0.0374567 13.7536 0.0219043 112.056 0.288657 
1.59 -27.8587 0.0115511 -0.0147 0.0421836 13.6401 0.0213386 110.968 0.293498 
1.6 -27.7239 0.00964492 0.03937 0.0432046 13.5321 0.0200531 108.866 0.280758 
1.61 -27.5832 0.0113014 0.000364 0.0422668 13.4108 0.0141 107.795 0.233524 
1.62 -27.4584 0.0113315 -0.005394 0.0358532 13.305 0.0142419 106.082 0.302925 
1.63 -27.3309 0.0113872 -0.007102 0.039615 13.1887 0.0166663 104.588 0.289612 
1.64 -27.1912 0.0125569 0.016716 0.0278915 13.0948 0.014034 102.916 0.273715 
1.65 -27.0634 0.012028 0.047398 0.0204357 12.9916 0.0143546 101.489 0.231586 
1.66 -26.9259 0.0115713 0.076898 0.0364277 12.8877 0.0130141 100.32 0.260362 
1.67 -26.8014 0.0122304 0.009304 0.041342 12.7779 0.0153886 98.9838 0.281243 
1.68 -26.6791 0.011397 -0.038034 0.0345415 12.681 0.0155063 97.8884 0.307 
1.69 -26.551 0.0109027 0.000506 0.0398677 12.5717 0.013989 96.4062 0.297402 
1.7 -26.4225 0.011569 0.061986 0.0327264 12.4506 0.0143108 95.1891 0.268812 
1.71 -26.3008 0.0112837 -0.026348 0.0313372 12.3466 0.0169959 94.0387 0.335424 
1.72 -26.1756 0.0107247 0.003786 0.0240559 12.2575 0.0188899 92.9857 0.247939 
1.73 -26.0551 0.011356 -0.00053 0.0393975 12.1617 0.0189834 92.0908 0.193514 
1.74 -25.9388 0.0111265 -0.00211 0.0327229 12.0657 0.0174776 90.566 0.184688 
1.75 -25.8208 0.0101698 -0.050194 0.0382714 11.9693 0.0226079 89.595 0.248123 
1.76 -25.6994 0.0101237 -0.025468 0.0318052 11.8721 0.0198492 88.5254 0.183675 
1.77 -25.5771 0.0078803 0.030606 0.0217287 11.7739 0.0208264 87.5169 0.217529 
1.78 -25.4728 0.00757409 -0.031494 0.0291188 11.6841 0.0222304 86.5866 0.161177 
1.79 -25.351 0.00884846 -0.031748 0.0245884 11.5838 0.0215815 85.3849 0.250616 
1.8 -25.2318 0.00970543 -0.026262 0.0340712 11.4863 0.0177696 84.2616 0.205702 
1.81 -25.1229 0.0100032 -0.017826 0.0338996 11.3868 0.0169633 83.1648 0.204272 
1.82 -25.0069 0.00890212 -0.015594 0.0315356 11.3095 0.0196706 82.2891 0.179755 
1.83 -24.8956 0.00946387 -0.00409 0.0289256 11.2169 0.0175081 81.1832 0.216281 
1.84 -24.7796 0.00873294 -0.057224 0.0311332 11.1357 0.0168308 80.5131 0.151254 
1.85 -24.6681 0.00872392 0.070406 0.0293956 11.0439 0.0175518 79.5383 0.218337 
1.86 -24.5656 0.0095189 0.012226 0.0391294 10.9577 0.0189235 78.966 0.136835 
1.87 -24.451 0.00837593 -0.00729 0.0196676 10.8561 0.0184759 78.1427 0.181536 
1.88 -24.3453 0.00907633 0.015888 0.0337358 10.7805 0.0190883 77.17 0.233963 
1.89 -24.2349 0.00831818 -0.014892 0.0232941 10.6991 0.0147769 76.5433 0.142191 
1.9 -24.1283 0.0109592 0.066086 0.0242145 10.5924 0.0150067 75.287 0.213408 
1.91 -24.0229 0.0105957 -0.001428 0.0279842 10.5102 0.0155385 74.5841 0.19553 
1.92 -23.9179 0.00961394 0.006242 0.0270132 10.4324 0.0197378 73.5762 0.164805 
1.93 -23.8103 0.00941229 -0.022736 0.0301822 10.3552 0.0192587 73.1455 0.161844 
1.94 -23.7137 0.00939248 0.03965 0.0319399 10.279 0.016865 72.2903 0.206407 
1.95 -23.6076 0.00953283 0.01947 0.0223767 10.1922 0.018611 71.2475 0.175776 
1.96 -23.5037 0.00886896 -0.011784 0.0230218 10.115 0.017806 70.7454 0.150127 
1.97 -23.4001 0.00948923 -0.004582 0.024825 10.0168 0.0175245 69.9479 0.200338 
1.98 -23.3061 0.00842795 -0.00196 0.0230579 9.94821 0.0193751 69.1932 0.14452 
1.99 -23.2054 0.00842515 -0.021536 0.03559 9.87639 0.0140581 68.3795 0.128003 
2 -23.1078 0.00817028 0.04429 0.0278602 9.80635 0.014414 67.8831 0.166826 
