Gen L
1 54.83
2 54.83
3 46.6663
4 44.1526
5 44.1526
6 44.1526
7 44.1526
8 44.1526
9 44.1526
10 44.1526
11 39.9852
12 39.9831
13 39.9265
14 39.9265
15 37.1908
16 31.665
17 31.665
18 31.665
19 31.665
20 31.665
21 31.665
22 31.2315
23 31.2315
24 31.2315
25 31.2315
26 31.2315
27 31.2315
28 28.1695
29 28.1695
30 28.1695
31 28.1695
32 28.1695
33 28.1695
34 28.1695
35 28.1695
36 28.1695
37 28.1695
38 28.1695
39 28.1695
40 28.1695
41 28.1399
42 28.1399
43 28.1399
44 28.1399
45 27.4175
46 27.4175
47 27.4175
48 27.0229
49 27.0229
50 27.0229
51 27.0229
52 27.0229
53 27.0229
54 27.0229
55 27.0229
56 27.0229
57 27.0229
58 27.0229
59 27.0229
60 27.0229
61 26.4795
62 26.4795
63 26.4795
64 25.5293
65 25.5293
66 25.5293
67 25.5293
68 25.5293
69 25.5293
70 25.5293
71 25.5293
72 25.5293
73 25.5293
74 25.5293
75 25.5293
76 25.5293
77 25.5293
78 25.5293
79 23.9843
80 23.9843
81 23.9843
82 23.9843
83 23.9843
84 23.9843
85 23.9843
86 23.9843
87 23.9843
88 23.9843
89 23.9843
90 23.9843
91 23.9843
92 23.9843
93 23.5135
94 23.5135
95 23.5135
96 23.5135
97 23.5135
98 23.507
99 23.507
100 23.507
101 23.507
102 22.8132
103 19.7735
104 19.7735
105 19.7735
106 19.7735
107 18.229
108 18.229
109 17.5474
110 17.5474
111 17.5474
112 17.5474
113 17.5474
114 17.5474
115 17.5474
116 17.5474
117 17.5474
118 17.5474
119 17.5474
120 17.5474
121 17.528
122 17.528
123 17.528
124 17.528
125 17.528
126 17.527
127 17.527
128 17.527
129 17.527
130 17.527
131 17.527
132 17.527
133 17.527
134 17.527
135 17.4692
136 17.4692
137 17.4692
138 17.4692
139 17.4692
140 17.4692
141 17.4692
142 17.4692
143 17.4692
144 17.4692
145 17.4692
146 17.4692
147 17.4692
148 17.4692
149 17.4692
150 17.4692
151 17.4692
152 17.4692
153 17.4692
154 17.3022
155 17.3022
156 17.3022
157 17.3022
158 17.3022
159 17.3022
160 17.3022
161 17.0012
162 17.0012
163 17.0012
164 17.0012
165 15.3937
166 15.3937
167 15.3937
168 15.3937
169 15.3937
170 15.3937
171 15.3937
172 15.3937
173 15.3937
174 15.3937
175 15.3937
176 15.3937
177 15.3937
178 15.0648
179 15.0648
180 15.0648
181 15.0648
182 15.0648
183 15.0648
184 15.0648
185 15.0648
186 15.0648
187 15.0648
188 15.0648
189 15.0648
190 15.0648
191 15.0648
192 15.0648
193 15.0648
194 15.0648
195 15.0648
196 15.0648
197 15.0648
198 15.0648
199 15.0648
200 15.0648
201 15.0648
202 15.0648
203 15.0648
204 15.0648
205 15.0648
206 15.0648
207 15.0648
208 15.0648
209 15.0648
210 15.0648
211 14.4884
212 14.4884
213 14.4884
214 14.4884
215 14.4884
216 14.4884
217 14.4884
218 14.4884
219 14.4884
220 14.3823
221 13.5677
222 13.5677
223 13.0784
224 13.0784
225 13.0784
226 13.0784
227 13.0784
228 13.0784
229 13.0784
230 13.0784
231 13.0784
232 13.0784
233 13.0784
234 13.0784
235 13.0784
236 13.0784
237 13.0784
238 13.0784
239 13.0784
240 13.0784
241 13.0784
242 13.0784
243 13.0784
244 13.0539
245 13.0539
246 13.0539
247 13.0539
248 13.0539
249 13.0539
250 13.0539
251 13.0539
252 13.0539
253 13.0539
254 13.0539
255 13.0539
256 13.0539
257 12.4505
258 12.4505
259 12.4505
260 12.4505
261 12.4505
262 12.4505
263 12.4505
264 12.4505
265 12.4505
266 12.4505
267 12.4133
268 12.4133
269 12.4133
270 12.4133
271 12.4133
272 12.4133
273 12.4133
274 12.4133
275 12.4133
276 12.4133
277 12.1125
278 12.1125
279 12.1125
280 12.1125
281 10.8782
282 10.8782
283 10.8782
284 10.8782
285 10.8782
286 10.8782
287 10.8782
288 10.8782
289 10.8782
290 10.8782
291 10.8782
292 10.8782
293 10.7701
294 10.7701
295 10.7701
296 10.7701
297 10.7701
298 10.7701
299 10.7701
300 10.7701
301 10.7701
302 10.7701
303 10.7701
304 10.7701
305 10.7701
306 10.7701
307 10.7701
308 10.7701
309 10.7701
310 10.7701
311 10.7701
312 10.7701
313 10.2905
314 10.2905
315 10.2905
316 10.2905
317 10.2905
318 10.2905
319 10.2905
320 10.2905
321 10.2905
322 10.2905
323 10.2905
324 9.74628
325 9.74628
326 9.74628
327 9.74628
328 9.74628
329 9.74628
330 9.74628
331 9.74628
332 9.74628
333 9.74628
334 9.74628
335 9.74628
336 9.74628
337 9.74628
338 9.74628
339 9.74628
340 9.74628
341 9.74628
342 9.74628
343 9.74628
344 9.74628
345 9.74628
346 9.74628
347 9.74628
348 9.74628
349 9.74628
350 9.74628
351 9.74628
352 9.74628
353 9.74628
354 9.74628
355 9.74628
356 9.74628
357 9.74628
358 9.74628
359 9.74628
360 9.74628
361 9.74628
362 9.74628
363 9.74628
364 9.74628
365 9.74628
366 9.74628
367 9.74628
368 9.74628
369 9.74628
370 9.74628
371 9.74628
372 9.74628
373 9.74628
374 9.74628
375 9.74628
376 8.52046
377 8.52046
378 8.52046
379 8.52046
380 8.52046
381 8.52046
382 8.52046
383 8.52046
384 8.52046
385 8.52046
386 8.52046
387 8.52046
388 8.52046
389 8.52046
390 8.20837
391 8.20837
392 8.20837
393 8.20837
394 8.20837
395 8.20837
396 8.20837
397 8.20837
398 8.20837
399 8.20837
400 8.20837
401 8.20837
402 8.20837
403 8.20837
404 8.20837
405 8.20837
406 8.20837
407 8.20837
408 8.20837
409 8.20837
410 8.20837
411 8.20837
412 8.20837
413 8.20837
414 8.20837
415 8.20837
416 8.20837
417 8.20837
418 8.20837
419 8.20837
420 8.20837
421 8.20837
422 8.20837
423 8.20837
424 8.20837
425 8.20837
426 8.20837
427 8.20837
428 8.20837
429 8.20837
430 8.20837
431 8.20837
432 8.20837
433 8.20837
434 8.20837
435 8.20837
436 8.20837
437 8.20837
438 8.20837
439 8.20837
440 8.20837
441 8.20837
442 8.20837
443 8.20837
444 8.20837
445 8.20837
446 8.20837
447 8.20837
448 8.20837
449 8.20837
450 8.20837
451 8.20837
452 8.20837
453 8.20837
454 8.20837
455 8.20837
456 8.20837
457 8.20837
458 8.20837
459 8.20837
460 8.20837
461 8.20837
462 8.20837
463 8.20837
464 8.20837
465 8.20837
466 8.20837
467 8.20837
468 8.20837
469 8.20837
470 8.20837
471 8.20837
472 8.20837
473 8.20837
474 8.20837
475 8.20837
476 8.20837
477 8.20837
478 8.20837
479 8.20837
480 8.20837
481 8.20837
482 8.20837
483 8.20837
484 8.20837
485 8.20837
486 8.20837
487 8.20837
488 8.20837
489 7.8752
490 7.8752
491 7.8752
492 7.8752
493 7.8752
494 7.8752
495 7.8752
496 7.8752
497 7.8752
498 7.8752
499 7.8752
500 7.8752
501 7.8752
502 7.8752
503 7.8752
504 7.8752
505 7.8752
506 7.8752
507 7.8752
508 7.8752
509 7.52682
510 7.52682
511 7.52682
512 7.52682
513 7.52682
514 7.52682
515 7.52682
516 7.52682
517 7.52682
518 7.52682
519 7.52682
520 7.52682
521 7.16683
522 7.16683
523 7.16683
524 7.16683
525 7.16683
526 7.16683
527 7.16683
528 7.16683
529 7.16683
530 7.16683
531 7.16683
532 7.16683
533 7.16683
534 7.16683
535 7.16683
536 7.16683
537 7.16683
538 7.16683
539 6.90353
540 6.90353
541 6.90353
542 6.90353
543 6.90353
544 6.90353
545 6.90353
546 6.90353
547 6.90353
548 6.90353
549 6.7397
550 6.7397
551 6.7397
552 6.7397
553 6.7397
554 6.7397
555 6.7397
556 6.7397
557 6.7397
558 6.7397
559 6.7397
560 6.7397
561 6.7397
562 6.7397
563 6.58436
564 6.58436
565 6.58436
566 6.58436
567 6.58436
568 6.58436
569 6.58436
570 6.58436
571 6.58436
572 6.58436
573 6.58436
574 6.58436
575 6.58436
576 6.58436
577 6.58436
578 6.58436
579 6.58436
580 6.58436
581 6.58436
582 6.58436
583 6.58436
584 6.58436
585 6.58436
586 6.58436
587 6.58436
588 6.58436
589 6.58436
590 6.58436
591 6.58436
592 6.57226
593 6.57226
594 6.57226
595 6.57226
596 6.57226
597 6.57226
598 6.57226
599 6.57226
600 6.57226
601 6.57226
602 6.57226
603 6.57226
604 6.57226
605 6.57226
606 6.57226
607 6.57226
608 6.57226
609 6.57226
610 6.57226
611 6.57226
612 6.57226
613 6.57226
614 6.45398
615 6.45398
616 6.45398
617 6.45398
618 6.45398
619 6.45398
620 6.45398
621 6.45398
622 6.45398
623 6.45398
624 6.45398
625 6.45398
626 6.45398
627 6.38138
628 6.38138
629 6.38138
630 6.38138
631 6.38138
632 6.38138
633 6.38138
634 6.38138
635 6.38138
636 6.38138
637 6.38138
638 6.38138
639 6.38138
640 6.38138
641 6.38138
642 6.38138
643 6.38138
644 6.38138
645 6.38138
646 6.38138
647 6.38138
648 6.38138
649 6.38138
650 6.38138
651 6.38138
652 6.38138
653 6.38138
654 6.38138
655 6.38138
656 6.38138
657 6.38138
658 6.38138
659 6.38138
660 6.38138
661 6.38138
662 6.38138
663 6.38138
664 6.38138
665 6.38138
666 6.38138
667 6.38138
668 6.38138
669 6.38138
670 6.38138
671 6.38138
672 6.38138
673 6.38138
674 6.38138
675 6.38138
676 6.38138
677 6.38138
678 6.38138
679 6.38138
680 6.38138
681 6.38138
682 6.38138
683 6.38138
684 6.38138
685 6.38138
686 6.38138
687 6.38138
688 6.38138
689 6.38138
690 6.38138
691 6.38138
692 6.38138
693 6.38138
694 6.38138
695 6.38138
696 6.38138
697 6.38138
698 6.38138
699 6.38138
700 6.38138
701 6.38138
702 6.38138
703 6.38138
704 6.38138
705 6.38138
706 6.38138
707 6.38138
708 6.38138
709 6.38138
710 6.38138
711 6.38138
712 6.38138
713 6.38138
714 6.38138
715 6.38138
716 6.38138
717 6.38138
718 6.38138
719 6.38138
720 6.38138
721 6.38138
722 6.38138
723 6.38138
724 6.38138
725 6.38138
726 6.38138
727 6.38138
728 6.38138
729 6.38138
730 6.38138
731 6.38138
732 6.38138
733 6.38138
734 6.38138
735 6.38138
736 6.38138
737 6.38138
738 6.38138
739 6.38138
740 6.38138
741 6.38138
742 6.38138
743 6.38138
744 6.38138
745 6.38138
746 6.38138
747 6.38138
748 6.38138
749 6.38138
750 6.38138
751 6.38138
752 6.38138
753 6.38138
754 6.38138
755 6.38138
756 6.38138
757 6.38138
758 6.38138
759 6.38138
760 6.38138
761 6.38138
762 6.38138
763 6.38138
764 6.38138
765 6.38138
766 6.38138
767 6.38138
768 6.38138
769 6.38138
770 6.38138
771 6.36332
772 6.36332
773 6.36332
774 6.36332
775 6.36332
776 6.36332
777 6.36332
778 6.36332
779 6.36332
780 6.36332
781 6.36332
782 6.36332
783 6.36332
784 6.36332
785 6.36332
786 6.36332
787 6.36332
788 6.36332
789 6.36332
790 6.36332
791 6.36332
792 6.36332
793 6.36332
794 6.36332
795 6.36332
796 6.36332
797 6.36332
798 6.36332
799 6.36332
800 6.36332
801 6.36332
802 6.36332
803 6.36332
804 6.36332
805 6.36332
806 6.36332
807 6.36332
808 6.36332
809 6.36332
810 6.36332
811 6.36332
812 6.36332
813 6.36332
814 6.36332
815 6.36332
816 6.36332
817 6.36332
818 6.36332
819 6.36332
820 6.36332
821 6.36332
822 6.36332
823 6.36332
824 6.36332
825 6.36332
826 6.36332
827 6.36332
828 6.36332
829 6.36332
830 6.36332
831 6.13711
832 6.13711
833 6.13711
834 6.13711
835 6.13711
836 6.13711
837 6.13711
838 6.13711
839 6.13711
840 6.13711
841 6.13711
842 6.13711
843 6.13711
844 6.13711
845 6.13711
846 6.13711
847 6.13711
848 6.13711
849 6.13711
850 6.13711
851 6.13711
852 6.13711
853 6.13711
854 6.13711
855 6.13711
856 6.13711
857 5.90416
858 5.90416
859 5.90416
860 5.90416
861 5.90416
862 5.90416
863 5.90416
864 5.90416
865 5.90416
866 5.90416
867 5.90416
868 5.90416
869 5.90416
870 5.90416
871 5.90416
872 5.90416
873 5.86084
874 5.86084
875 5.86084
876 5.86084
877 5.86084
878 5.86084
879 5.86084
880 5.50756
881 5.50756
882 5.50756
883 5.50756
884 5.50756
885 5.50756
886 5.50756
887 5.50756
888 5.50756
889 5.50756
890 5.50756
891 5.50756
892 5.50756
893 5.50756
894 5.50756
895 5.50756
896 5.50756
897 5.50756
898 5.50756
899 5.50756
900 5.50756
901 5.50756
902 5.50756
903 5.50756
904 5.50756
905 5.50756
906 5.50756
907 5.50756
908 5.50756
909 5.50756
910 5.50756
911 5.50756
912 5.50756
913 5.50756
914 5.50756
915 5.50756
916 5.50756
917 5.50756
918 5.50756
919 5.50756
920 5.50756
921 5.50756
922 5.50756
923 5.50756
924 5.50756
925 5.50756
926 5.50756
927 5.50756
928 5.50756
929 5.50756
930 5.50756
931 5.50756
932 5.50756
933 5.50756
934 5.50756
935 5.50756
936 5.50756
937 5.50756
938 5.50756
939 5.50756
940 5.50756
941 5.50756
942 5.50756
943 5.50756
944 5.50756
945 5.50756
946 5.50756
947 5.50756
948 5.50756
949 5.50756
950 5.50756
951 5.50756
952 5.50756
953 5.50756
954 5.50756
955 5.50756
956 5.50756
957 5.50756
958 5.50756
959 5.50756
960 5.50756
961 5.50756
962 5.50756
963 5.50756
964 5.50756
965 5.50756
966 5.50756
967 5.50756
968 5.50756
969 5.50756
970 5.50756
971 5.50756
972 5.50756
973 5.50756
974 5.50756
975 5.50756
976 5.50756
977 5.50756
978 5.50756
979 5.50756
980 5.50756
981 5.50756
982 5.50756
983 5.50756
984 5.50756
985 5.50756
986 5.50756
987 5.50756
988 5.50756
989 5.50756
990 5.50756
991 5.50756
992 5.50756
993 5.50756
994 5.50756
995 5.50756
996 5.50756
997 5.50756
998 5.50756
999 5.50756
1000 5.50756
1001 5.50756
1002 5.50756
1003 5.50756
1004 5.50756
1005 5.50756
1006 5.50756
1007 5.50756
1008 5.50756
1009 5.50756
1010 5.50756
1011 5.50756
1012 5.50756
1013 5.50756
1014 5.50756
1015 5.50756
1016 5.50756
1017 5.50756
1018 5.50756
1019 5.50756
1020 5.50756
1021 5.50756
1022 5.50756
1023 5.50756
1024 5.50756
1025 5.50756
1026 5.50756
1027 5.50756
1028 5.50756
1029 5.50756
1030 5.50756
1031 5.50756
1032 5.50756
1033 5.50756
1034 5.50756
1035 5.50756
1036 5.50756
1037 5.50756
1038 5.50756
1039 5.50756
1040 5.50756
1041 5.50756
1042 5.50756
1043 5.50756
1044 5.50756
1045 5.50756
1046 5.50756
1047 5.50756
1048 5.50756
1049 5.50756
1050 5.50756
1051 5.27936
1052 5.27936
1053 5.27936
1054 5.27936
1055 5.27936
1056 5.27936
1057 5.27936
1058 5.27936
1059 5.27936
1060 5.27936
1061 5.27936
1062 5.27936
1063 5.27936
1064 5.27936
1065 5.27936
1066 5.27936
1067 5.27936
1068 5.27936
1069 5.27936
1070 5.27936
1071 5.27936
1072 5.27936
1073 5.27936
1074 5.27936
1075 5.27936
1076 5.27936
1077 5.27936
1078 5.27936
1079 5.27936
1080 5.27936
1081 5.27936
1082 5.27936
1083 5.27936
1084 5.27936
1085 5.27936
1086 5.27936
1087 5.27936
1088 5.27936
1089 5.27936
1090 5.27936
1091 5.27936
1092 5.27936
1093 5.27936
1094 5.27936
1095 5.27936
1096 5.27936
1097 5.27936
1098 5.27936
1099 5.27936
1100 5.27936
1101 5.27936
1102 5.27936
1103 5.27936
1104 5.27936
1105 5.27936
1106 5.27936
1107 5.27936
1108 5.27936
1109 5.27936
1110 5.27936
1111 5.27936
1112 5.27936
1113 5.27936
1114 5.27936
1115 5.27936
1116 5.27936
1117 5.27936
1118 5.27936
1119 5.27936
1120 5.27936
1121 5.27936
1122 5.27936
1123 5.27936
1124 5.27936
1125 5.27936
1126 5.27936
1127 5.27936
1128 5.27936
1129 5.27936
1130 5.27936
1131 5.27936
1132 5.27936
1133 4.91552
1134 4.91552
1135 4.91552
1136 4.91552
1137 4.75277
1138 4.75277
1139 4.75277
1140 4.75277
1141 4.75277
1142 4.75277
1143 4.75277
1144 4.75277
1145 4.75277
1146 4.75277
1147 4.75277
1148 4.75277
1149 4.75277
1150 4.75277
1151 4.75277
1152 4.75277
1153 4.75277
1154 4.75277
1155 4.75277
1156 4.74799
1157 4.74799
1158 4.74799
1159 4.74799
1160 4.74799
1161 4.74799
1162 4.74799
1163 4.74799
1164 4.74799
1165 4.74799
1166 4.74799
1167 4.74799
1168 4.74799
1169 4.74799
1170 4.74799
1171 4.74799
1172 4.74799
1173 4.74799
1174 4.74799
1175 4.74799
1176 4.74799
1177 4.74799
1178 4.74799
1179 4.74799
1180 4.74799
1181 4.74799
1182 4.74799
1183 4.74799
1184 4.74799
1185 4.74799
1186 4.74799
1187 4.74799
1188 4.74799
1189 4.74799
1190 4.74799
1191 4.74799
1192 4.74799
1193 4.74799
1194 4.74799
1195 4.74799
1196 4.74799
1197 4.74799
1198 4.74799
1199 4.74799
1200 4.74799
1201 4.74799
1202 4.74799
1203 4.74799
1204 4.74799
1205 4.74799
1206 4.74799
1207 4.74799
1208 4.74799
1209 4.74799
1210 4.74799
1211 4.74799
1212 4.74799
1213 4.74799
1214 4.74799
1215 4.74799
1216 4.64099
1217 4.64099
1218 4.64099
1219 4.64099
1220 4.64099
1221 4.64099
1222 4.64099
1223 4.64099
1224 4.64099
1225 4.64099
1226 4.64099
1227 4.64099
1228 4.64099
1229 4.64099
1230 4.64099
1231 4.64099
1232 4.64099
1233 4.64099
1234 4.64099
1235 4.64099
1236 4.64099
1237 4.64099
1238 4.64099
1239 4.64099
1240 4.64099
1241 4.64099
1242 4.64099
1243 4.64099
1244 4.64099
1245 4.64099
1246 4.64099
1247 4.64099
1248 4.64099
1249 4.64099
1250 4.64099
1251 4.64099
1252 4.64099
1253 4.64099
1254 4.64099
1255 4.64099
1256 4.64099
1257 4.64099
1258 4.39214
1259 4.39214
1260 4.39214
1261 4.39214
1262 4.39214
1263 4.39214
1264 4.39214
1265 4.39214
1266 4.39214
1267 4.39214
1268 4.39214
1269 4.39214
1270 4.39214
1271 4.39214
1272 4.39214
1273 4.39214
1274 4.39214
1275 4.39214
1276 4.39214
1277 4.39214
1278 4.39214
1279 4.3886
1280 4.3886
1281 4.3886
1282 4.3886
1283 4.3886
1284 4.3886
1285 4.3886
1286 4.3886
1287 4.3886
1288 4.3886
1289 4.3886
1290 4.3886
1291 4.3886
1292 4.3886
1293 4.3886
1294 4.3886
1295 4.3886
1296 4.3886
1297 4.3886
1298 4.22212
1299 4.22212
1300 4.22212
1301 4.22212
1302 4.22212
1303 4.22212
1304 4.22212
1305 4.22212
1306 4.22212
1307 4.22212
1308 4.22212
1309 4.22212
1310 4.22212
1311 4.22212
1312 4.22212
1313 4.22212
1314 4.22212
1315 4.22212
1316 4.22212
1317 4.22212
1318 4.22212
1319 4.22212
1320 4.22212
1321 4.1251
1322 4.1251
1323 4.1251
1324 4.1251
1325 4.1251
1326 4.1251
1327 4.1251
1328 4.1251
1329 4.1251
1330 4.1251
1331 4.10851
1332 4.10851
1333 4.10851
1334 4.10851
1335 4.10851
1336 4.10851
1337 4.10851
1338 4.10851
1339 4.10851
1340 4.10851
1341 4.10851
1342 4.10851
1343 4.10851
1344 4.10851
1345 4.10851
1346 4.10851
1347 4.10851
1348 4.10851
1349 4.10851
1350 4.10851
1351 4.10851
1352 4.10851
1353 4.10851
1354 4.10851
1355 4.10851
1356 4.10851
1357 4.10851
1358 4.10851
1359 4.10851
1360 4.10851
1361 4.10851
1362 4.10851
1363 4.10851
1364 4.10851
1365 4.10851
1366 4.10851
1367 4.10851
1368 4.10851
1369 4.10851
1370 4.10851
1371 4.10851
1372 4.10851
1373 4.10851
1374 4.10851
1375 4.10851
1376 4.10851
1377 4.10851
1378 4.10851
1379 4.10851
1380 4.10851
1381 4.07896
1382 4.07896
1383 4.07896
1384 4.07896
1385 4.07896
1386 4.07896
1387 4.07896
1388 4.07896
1389 4.07896
1390 4.07896
1391 4.07896
1392 4.07896
1393 4.07896
1394 4.07896
1395 4.07896
1396 4.07896
1397 4.07896
1398 4.07896
1399 4.07896
1400 4.07896
1401 4.07896
1402 4.07896
1403 4.07896
1404 4.07896
1405 4.07896
1406 4.07896
1407 4.07896
1408 4.07896
1409 4.07896
1410 4.07896
1411 4.07896
1412 4.07896
1413 4.07896
1414 4.07896
1415 4.07896
1416 4.07896
1417 4.07896
1418 4.07896
1419 3.99551
1420 3.99551
1421 3.99551
1422 3.99551
1423 3.99551
1424 3.99551
1425 3.99551
1426 3.99551
1427 3.99551
1428 3.99551
1429 3.99551
1430 3.99551
1431 3.99551
1432 3.99551
1433 3.99551
1434 3.99551
1435 3.99551
1436 3.99551
1437 3.99551
1438 3.99551
1439 3.99551
1440 3.99551
1441 3.99551
1442 3.99551
1443 3.99551
1444 3.99551
1445 3.99551
1446 3.99551
1447 3.99551
1448 3.99551
1449 3.99551
1450 3.99551
1451 3.99551
1452 3.99551
1453 3.99551
1454 3.99551
1455 3.99551
1456 3.99551
1457 3.99551
1458 3.99551
1459 3.99551
1460 3.99551
1461 3.99551
1462 3.99551
1463 3.99551
1464 3.99551
1465 3.99551
1466 3.99551
1467 3.99551
1468 3.99551
1469 3.99551
1470 3.99551
1471 3.99551
1472 3.99551
1473 3.99551
1474 3.99551
1475 3.99551
1476 3.99551
1477 3.99551
1478 3.99551
1479 3.99551
1480 3.99551
1481 3.99551
1482 3.99551
1483 3.99551
1484 3.99551
1485 3.99551
1486 3.99551
1487 3.99551
1488 3.99551
1489 3.99551
1490 3.99551
1491 3.99551
1492 3.99551
1493 3.99551
1494 3.99551
1495 3.99551
1496 3.99551
1497 3.99551
1498 3.99551
1499 3.99551
1500 3.99551
1501 3.99551
1502 3.99551
1503 3.99551
1504 3.99551
1505 3.99551
1506 3.99551
1507 3.99551
1508 3.99551
1509 3.99551
1510 3.99551
1511 3.82333
1512 3.82333
1513 3.82333
1514 3.82333
1515 3.82333
1516 3.82333
1517 3.82333
1518 3.82333
1519 3.82333
1520 3.82333
1521 3.82333
1522 3.82333
1523 3.82333
1524 3.82333
1525 3.82333
1526 3.82333
1527 3.82333
1528 3.82333
1529 3.82333
1530 3.82333
1531 3.82333
1532 3.82333
1533 3.82333
1534 3.82333
1535 3.82333
1536 3.82333
1537 3.82333
1538 3.82333
1539 3.82333
1540 3.82333
1541 3.82333
1542 3.82333
1543 3.82333
1544 3.82333
1545 3.82333
1546 3.82333
1547 3.82333
1548 3.82333
1549 3.82333
1550 3.82333
1551 3.82333
1552 3.82333
1553 3.82333
1554 3.82333
1555 3.82333
1556 3.82333
1557 3.82333
1558 3.82333
1559 3.82333
1560 3.82333
1561 3.82333
1562 3.82333
1563 3.82333
1564 3.82333
1565 3.82333
1566 3.82333
1567 3.82333
1568 3.82333
1569 3.82333
1570 3.82333
1571 3.82333
1572 3.82333
1573 3.82333
1574 3.82333
1575 3.82333
1576 3.82333
1577 3.82333
1578 3.82333
1579 3.82333
1580 3.82333
1581 3.82333
1582 3.82333
1583 3.82333
1584 3.82333
1585 3.82333
1586 3.82333
1587 3.82333
1588 3.82333
1589 3.82333
1590 3.82333
1591 3.82333
1592 3.82333
1593 3.82333
1594 3.82333
1595 3.82333
1596 3.82333
1597 3.82333
1598 3.82333
1599 3.82333
1600 3.82333
1601 3.82333
1602 3.82333
1603 3.82333
1604 3.82333
1605 3.82333
1606 3.82333
1607 3.82333
1608 3.82333
1609 3.82333
1610 3.82333
1611 3.82333
1612 3.82333
1613 3.82333
1614 3.82333
1615 3.82333
1616 3.82333
1617 3.82333
1618 3.82333
1619 3.82333
1620 3.82333
1621 3.82333
1622 3.82333
1623 3.82333
1624 3.82333
1625 3.82333
1626 3.82333
1627 3.82333
1628 3.82333
1629 3.82333
1630 3.82333
1631 3.82333
1632 3.82333
1633 3.82333
1634 3.82333
1635 3.82333
1636 3.82333
1637 3.82333
1638 3.82333
1639 3.82333
1640 3.82333
1641 3.82333
1642 3.82333
1643 3.82333
1644 3.82333
1645 3.82333
1646 3.82333
1647 3.82333
1648 3.82333
1649 3.82333
1650 3.82333
1651 3.82333
1652 3.82333
1653 3.82333
1654 3.82333
1655 3.82333
1656 3.82333
1657 3.82333
1658 3.82333
1659 3.82333
1660 3.82333
1661 3.31979
1662 3.31979
1663 3.31979
1664 3.31979
1665 3.31979
1666 3.31979
1667 3.31979
1668 3.31979
1669 3.31979
1670 3.31979
1671 3.31979
1672 3.31979
1673 3.31979
1674 3.31979
1675 3.31979
1676 3.31979
1677 3.31979
1678 3.31979
1679 3.31979
1680 3.31979
1681 3.31979
1682 3.31979
1683 3.31979
1684 3.31979
1685 3.31979
1686 3.31979
1687 3.31979
1688 3.31979
1689 3.31979
1690 3.31979
1691 3.31979
1692 3.31979
1693 3.31979
1694 3.31979
1695 3.31979
1696 3.31979
1697 3.31979
1698 3.31979
1699 3.31979
1700 3.31979
1701 3.31979
1702 3.31979
1703 3.31979
1704 3.31979
1705 3.31979
1706 3.31979
1707 3.31979
1708 3.31979
1709 3.31979
1710 3.31979
1711 3.31979
1712 3.31979
1713 3.31979
1714 3.31979
1715 3.31979
1716 3.31979
1717 3.31979
1718 3.31979
1719 3.31979
1720 3.31979
1721 3.31979
1722 3.31979
1723 3.31979
1724 3.31979
1725 3.31979
1726 3.31979
1727 3.31979
1728 3.31979
1729 3.31979
1730 3.31979
1731 3.31979
1732 3.31979
1733 3.31979
1734 3.31979
1735 3.31979
1736 3.31979
1737 3.31979
1738 3.31979
1739 3.31979
1740 3.31979
1741 3.31979
1742 3.31979
1743 3.31979
1744 3.31979
1745 3.31979
1746 3.31979
1747 3.31979
1748 3.31979
1749 3.31979
1750 3.31979
1751 3.31979
1752 3.31979
1753 3.31979
1754 3.31979
1755 3.31979
1756 3.31979
1757 3.31979
1758 3.31979
1759 3.31979
1760 3.31979
1761 3.31979
1762 3.31979
1763 3.31979
1764 3.31979
1765 3.31979
1766 3.31979
1767 3.31979
1768 3.31979
1769 3.31979
1770 3.31979
1771 3.31979
1772 3.31979
1773 3.31979
1774 3.31979
1775 3.31979
1776 3.31979
1777 3.31979
1778 3.31979
1779 3.31979
1780 3.31979
1781 3.31979
1782 3.31979
1783 3.31979
1784 3.31979
1785 3.31979
1786 3.31979
1787 3.31979
1788 3.31979
1789 3.31979
1790 3.31979
1791 3.31979
1792 3.31979
1793 3.31979
1794 3.31979
1795 3.31979
1796 3.31979
1797 3.31979
1798 3.31979
1799 3.31979
1800 3.31979
1801 3.31979
1802 3.01521
1803 3.01521
1804 3.01521
1805 3.01521
1806 3.01521
1807 3.01521
1808 3.01521
1809 3.01521
1810 3.01521
1811 3.01521
1812 3.01521
1813 3.01521
1814 3.01521
1815 3.01521
1816 3.01521
1817 3.01521
1818 3.01521
1819 3.01521
1820 3.01521
1821 3.01521
1822 3.01521
1823 3.01521
1824 3.01521
1825 3.01521
1826 3.01521
1827 3.01521
1828 3.01521
1829 3.01521
1830 3.01521
1831 3.01521
1832 3.01521
1833 3.01521
1834 3.01521
1835 3.01521
1836 3.01521
1837 3.01521
1838 3.01521
1839 3.01521
1840 3.01521
1841 3.01521
1842 3.01521
1843 3.01521
1844 3.01521
1845 3.01521
1846 3.01521
1847 3.01521
1848 3.01521
1849 3.01521
1850 3.01521
1851 3.01521
1852 3.01521
1853 3.01521
1854 3.01521
1855 3.01521
1856 3.01521
1857 3.01521
1858 3.01521
1859 3.01521
1860 3.01521
1861 3.01521
1862 3.01521
1863 3.01521
1864 3.01521
1865 3.01521
1866 3.01521
1867 3.01521
1868 3.01521
1869 3.01521
1870 3.01521
1871 3.01521
1872 3.01521
1873 3.01521
1874 3.01521
1875 3.01521
1876 3.01521
1877 3.01521
1878 3.01521
1879 3.01521
1880 2.9928
1881 2.9928
1882 2.9928
1883 2.9928
1884 2.9928
1885 2.9928
1886 2.9928
1887 2.9928
1888 2.9928
1889 2.9928
1890 2.9928
1891 2.9928
1892 2.9928
1893 2.9928
1894 2.9928
1895 2.9928
1896 2.9928
1897 2.9928
1898 2.9928
1899 2.9928
1900 2.9928
1901 2.9928
1902 2.9928
1903 2.9928
1904 2.9928
1905 2.9928
1906 2.9928
1907 2.9928
1908 2.9928
1909 2.9928
1910 2.9928
1911 2.9928
1912 2.9928
1913 2.9928
1914 2.9928
1915 2.9928
1916 2.9928
1917 2.9928
1918 2.9928
1919 2.9928
1920 2.9928
1921 2.9928
1922 2.9928
1923 2.9928
1924 2.9928
1925 2.9928
1926 2.9928
1927 2.9928
1928 2.9928
1929 2.9928
1930 2.9928
1931 2.9928
1932 2.9928
1933 2.9928
1934 2.9928
1935 2.9928
1936 2.9928
1937 2.9928
1938 2.9928
1939 2.9928
1940 2.9928
1941 2.9928
1942 2.9928
1943 2.9928
1944 2.9928
1945 2.9928
1946 2.9928
1947 2.9928
1948 2.9928
1949 2.9928
1950 2.9928
1951 2.9928
1952 2.9928
1953 2.9928
1954 2.9928
1955 2.9928
1956 2.9928
1957 2.9928
1958 2.9928
1959 2.9928
1960 2.9928
1961 2.9928
1962 2.9928
1963 2.9928
1964 2.9928
1965 2.9928
1966 2.9928
1967 2.9928
1968 2.9928
1969 2.9928
1970 2.9928
1971 2.9928
1972 2.9928
1973 2.9928
1974 2.9928
1975 2.9928
1976 2.9928
1977 2.9928
1978 2.9928
1979 2.9928
1980 2.9928
1981 2.9928
1982 2.9928
1983 2.9928
1984 2.9928
1985 2.9928
1986 2.9928
1987 2.9928
1988 2.9928
1989 2.9928
1990 2.9928
1991 2.9928
1992 2.9928
1993 2.9928
1994 2.9928
1995 2.9928
1996 2.9928
1997 2.9928
1998 2.9928
1999 2.9928
2000 2.9928
2001 2.9928
2002 2.9928
2003 2.9928
2004 2.9928
2005 2.9928
2006 2.9928
2007 2.9928
2008 2.9928
2009 2.9928
2010 2.9928
2011 2.9928
2012 2.9928
2013 2.9928
2014 2.9928
2015 2.9928
2016 2.9928
2017 2.9928
2018 2.9928
2019 2.9928
2020 2.9928
2021 2.9928
2022 2.9928
2023 2.9928
2024 2.9928
2025 2.9928
2026 2.9928
2027 2.9928
2028 2.9928
2029 2.9928
2030 2.9928
2031 2.9928
2032 2.9928
2033 2.9928
2034 2.9928
2035 2.9928
2036 2.9928
2037 2.9928
2038 2.9928
2039 2.9928
2040 2.9928
2041 2.9928
2042 2.9928
2043 2.9928
2044 2.9928
2045 2.9928
2046 2.9928
2047 2.9928
2048 2.9928
2049 2.9928
2050 2.9928
2051 2.9928
2052 2.9928
2053 2.9928
2054 2.9928
2055 2.9928
2056 2.9928
2057 2.9928
2058 2.9928
2059 2.9928
2060 2.9928
2061 2.9928
2062 2.9928
2063 2.9928
2064 2.9928
2065 2.9928
2066 2.9928
2067 2.9928
2068 2.9928
2069 2.9928
2070 2.9928
2071 2.9928
2072 2.9928
2073 2.9928
2074 2.9928
2075 2.9928
2076 2.9928
2077 2.9928
2078 2.9928
2079 2.9928
2080 2.9928
2081 2.9928
2082 2.9928
2083 2.9928
2084 2.9928
2085 2.9928
2086 2.9928
2087 2.9928
2088 2.9928
2089 2.9928
2090 2.9928
2091 2.9928
2092 2.9928
2093 2.9928
2094 2.9928
2095 2.9928
2096 2.9928
2097 2.9928
2098 2.9928
2099 2.9928
2100 2.9928
2101 2.9928
2102 2.9928
2103 2.9928
2104 2.9928
2105 2.9928
2106 2.9928
2107 2.9928
2108 2.9928
2109 2.9928
2110 2.9928
2111 2.9928
2112 2.9928
2113 2.9928
2114 2.9928
2115 2.9928
2116 2.9928
2117 2.9928
2118 2.9928
2119 2.9928
2120 2.9928
2121 2.9928
2122 2.9928
2123 2.9928
2124 2.9928
2125 2.9928
2126 2.9928
2127 2.9928
2128 2.9928
2129 2.9928
2130 2.9928
2131 2.9928
2132 2.9928
2133 2.9928
2134 2.9928
2135 2.9928
2136 2.9928
2137 2.9928
2138 2.9928
2139 2.9928
2140 2.9928
2141 2.9928
2142 2.9928
2143 2.9928
2144 2.9928
2145 2.9928
2146 2.9928
2147 2.9928
2148 2.9928
2149 2.9928
2150 2.9928
2151 2.9928
2152 2.9928
2153 2.9928
2154 2.9928
2155 2.9928
2156 2.9928
2157 2.9928
2158 2.9928
2159 2.9928
2160 2.9928
2161 2.9928
2162 2.9928
2163 2.9928
2164 2.9928
2165 2.9928
2166 2.9928
2167 2.9928
2168 2.9928
2169 2.9928
2170 2.9928
2171 2.9928
2172 2.9928
2173 2.9928
2174 2.9928
2175 2.9928
2176 2.9928
2177 2.9928
2178 2.9928
2179 2.9928
2180 2.9928
2181 2.9928
2182 2.9928
2183 2.9928
2184 2.9928
2185 2.9928
2186 2.9928
2187 2.01595
2188 2.01595
2189 2.01595
2190 2.01595
2191 2.01595
2192 2.01595
2193 2.01595
2194 2.01595
2195 2.01595
2196 2.01595
2197 2.01595
2198 2.01595
2199 2.01595
2200 2.01595
2201 2.01595
2202 2.01595
2203 2.01595
2204 2.01595
2205 2.01595
2206 2.01595
2207 2.01595
2208 2.01595
2209 2.01595
2210 2.01595
2211 2.01595
2212 2.01595
2213 2.01595
2214 2.01595
2215 2.01595
2216 2.01595
2217 2.01595
2218 2.01595
2219 2.01595
2220 2.01595
2221 2.01595
2222 2.01595
2223 2.01595
2224 2.01595
2225 2.01595
2226 2.01595
2227 2.01595
2228 2.01595
2229 2.01595
2230 2.01595
2231 2.01595
2232 2.01595
2233 2.01595
2234 2.01595
2235 2.01595
2236 2.01595
2237 2.01595
2238 2.01595
2239 2.01595
2240 2.01595
2241 2.01595
2242 2.01595
2243 2.01595
2244 2.01595
2245 2.01595
2246 2.01595
2247 2.01595
2248 2.01595
2249 2.01595
2250 2.01595
2251 2.01595
2252 2.01595
2253 2.01595
2254 2.01595
2255 2.01595
2256 2.01595
2257 2.01595
2258 2.01595
2259 2.01595
2260 2.01595
2261 2.01595
2262 2.01595
2263 2.01595
2264 2.01595
2265 2.01595
2266 2.01595
2267 2.01595
2268 2.01595
2269 2.01595
2270 2.01595
2271 2.01595
2272 2.01595
2273 2.01595
2274 2.01595
2275 2.01595
2276 2.01595
2277 2.01595
2278 2.01595
2279 2.01595
2280 2.01595
2281 2.01595
2282 2.01595
2283 2.01595
2284 2.01595
2285 2.01595
2286 2.01595
2287 2.01595
2288 2.01595
2289 2.01595
2290 2.01595
2291 2.01595
2292 2.01595
2293 2.01595
2294 2.01595
2295 2.01595
2296 2.01595
2297 2.01595
2298 2.01595
2299 2.01595
2300 2.01595
2301 2.01595
2302 2.01595
2303 2.01595
2304 2.01595
2305 2.01595
2306 2.01595
2307 2.01595
2308 2.01595
2309 2.01595
2310 2.01595
2311 2.01595
2312 2.01595
2313 2.01595
2314 2.01595
2315 2.01595
2316 2.01595
2317 2.01595
2318 2.01595
2319 2.01595
2320 2.01595
2321 2.01595
2322 2.01595
2323 2.01595
2324 2.01595
2325 2.01595
2326 2.01595
2327 2.01595
2328 2.01595
2329 2.01595
2330 2.01595
2331 2.01595
2332 2.01595
2333 2.01595
2334 2.01595
2335 2.01595
2336 2.01595
2337 2.01595
2338 2.01595
2339 2.01595
2340 2.01595
2341 2.01595
2342 2.01595
2343 2.01595
2344 2.01595
2345 2.01595
2346 2.01595
2347 2.01595
2348 1.92008
2349 1.92008
2350 1.92008
2351 1.92008
2352 1.92008
2353 1.92008
2354 1.92008
2355 1.92008
2356 1.92008
2357 1.92008
2358 1.92008
2359 1.92008
2360 1.92008
2361 1.92008
2362 1.92008
2363 1.92008
2364 1.92008
2365 1.92008
2366 1.92008
2367 1.92008
2368 1.92008
2369 1.92008
2370 1.92008
2371 1.92008
2372 1.92008
2373 1.92008
2374 1.92008
2375 1.92008
2376 1.92008
2377 1.92008
2378 1.92008
2379 1.92008
2380 1.92008
2381 1.92008
2382 1.92008
2383 1.92008
2384 1.92008
2385 1.92008
2386 1.92008
2387 1.92008
2388 1.92008
2389 1.92008
2390 1.92008
2391 1.92008
2392 1.92008
2393 1.92008
2394 1.92008
2395 1.92008
2396 1.92008
2397 1.92008
2398 1.92008
2399 1.92008
2400 1.92008
2401 1.92008
2402 1.92008
2403 1.92008
2404 1.92008
2405 1.92008
2406 1.92008
2407 1.92008
2408 1.92008
2409 1.92008
2410 1.92008
2411 1.92008
2412 1.92008
2413 1.92008
2414 1.92008
2415 1.92008
2416 1.92008
2417 1.92008
2418 1.92008
2419 1.92008
2420 1.92008
2421 1.92008
2422 1.92008
2423 1.92008
2424 1.92008
2425 1.92008
2426 1.92008
2427 1.92008
2428 1.92008
2429 1.92008
2430 1.92008
2431 1.92008
2432 1.92008
2433 1.92008
2434 1.92008
2435 1.92008
2436 1.92008
2437 1.92008
2438 1.92008
2439 1.92008
2440 1.92008
2441 1.92008
2442 1.92008
2443 1.92008
2444 1.92008
2445 1.92008
2446 1.92008
2447 1.92008
2448 1.92008
2449 1.92008
2450 1.92008
2451 1.92008
2452 1.92008
2453 1.92008
2454 1.92008
2455 1.92008
2456 1.92008
2457 1.92008
2458 1.92008
2459 1.92008
2460 1.92008
2461 1.92008
2462 1.92008
2463 1.92008
2464 1.92008
2465 1.92008
2466 1.92008
2467 1.92008
2468 1.92008
2469 1.92008
2470 1.92008
2471 1.92008
2472 1.92008
2473 1.92008
2474 1.92008
2475 1.92008
2476 1.92008
2477 1.92008
2478 1.92008
2479 1.92008
2480 1.92008
2481 1.92008
2482 1.92008
2483 1.92008
2484 1.92008
2485 1.92008
2486 1.92008
2487 1.92008
2488 1.92008
2489 1.92008
2490 1.92008
2491 1.92008
2492 1.92008
2493 1.92008
2494 1.92008
2495 1.92008
2496 1.92008
2497 1.92008
2498 1.92008
2499 1.92008
2500 1.92008
