Gen L
1 54.83
2 54.83
3 52.1499
4 44.1526
5 50.7913
6 48.808
7 48.808
8 39.9852
9 44.1526
10 39.9265
11 44.1526
12 44.0184
13 44.1526
14 38.9824
15 39.9831
16 39.9831
17 39.9831
18 39.9831
19 39.9831
20 34.5535
21 37.8535
22 37.6077
23 37.6077
24 36.0101
25 37.0122
26 37.0122
27 37.0122
28 34.7594
29 36.0101
30 35.9887
31 35.9887
32 35.2892
33 35.2892
34 35.2892
35 35.2892
36 33.6782
37 33.6782
38 33.6782
39 33.6782
40 31.2554
41 31.2554
42 31.2554
43 31.2554
44 31.2554
45 31.2554
46 29.0974
47 29.2371
48 29.2371
49 29.2371
50 29.2371
51 29.2371
52 29.2371
53 29.2371
54 29.2371
55 29.2371
56 29.2371
57 28.4309
58 28.4309
59 28.4309
60 28.4309
61 28.004
62 28.004
63 28.004
64 28.004
65 28.004
66 28.004
67 28.004
68 28.004
69 28.004
70 28.004
71 28.004
72 28.004
73 28.004
74 27.7556
75 27.8999
76 27.6546
77 27.7556
78 27.7556
79 27.7556
80 27.7556
81 27.7556
82 27.7556
83 27.6598
84 27.6598
85 27.6007
86 27.6007
87 26.8096
88 26.8096
89 26.8096
90 26.8096
91 26.8096
92 26.8096
93 26.8096
94 26.8096
95 25.2494
96 24.2889
97 24.862
98 24.862
99 24.862
100 24.0956
101 24.2889
102 24.2889
103 24.2889
104 24.2889
105 24.2889
106 24.2889
107 24.2889
108 23.595
109 24.0956
110 21.4814
111 23.595
112 23.595
113 23.595
114 23.595
115 23.595
116 23.595
117 23.595
118 23.4985
119 23.4985
120 22.1711
121 22.4949
122 22.4949
123 22.4949
124 22.4949
125 22.4949
126 22.4949
127 22.4949
128 22.4949
129 22.4949
130 22.4949
131 22.4949
132 22.4949
133 22.4949
134 22.4949
135 22.4949
136 21.2601
137 21.6045
138 21.6045
139 21.6045
140 21.6045
141 21.6045
142 21.6045
143 21.6045
144 21.6045
145 21.6045
146 21.2158
147 21.2601
148 21.0865
149 21.2158
150 21.2158
151 21.2158
152 21.2158
153 21.2158
154 21.2158
155 21.2158
156 21.2158
157 21.2158
158 17.0012
159 21.0865
160 21.0865
161 21.0865
162 21.0865
163 21.0865
164 21.0865
165 21.0865
166 21.0865
167 21.0865
168 21.0865
169 21.0865
170 21.0865
171 21.0865
172 21.0865
173 21.0865
174 21.0865
175 21.0865
176 21.0865
177 21.0865
178 20.1721
179 19.0596
180 19.0596
181 19.0596
182 19.0596
183 19.0596
184 19.0596
185 19.0596
186 19.0596
187 19.0596
188 19.0596
189 19.0596
190 19.0596
191 19.0596
192 18.9208
193 18.9208
194 18.9208
195 18.9208
196 18.9208
197 18.9208
198 18.9208
199 18.2649
200 18.2649
201 18.2649
202 18.2649
203 18.2649
204 18.2649
205 18.2649
206 18.2649
207 18.2649
208 14.4884
209 16.3244
210 16.3244
211 16.3244
212 16.3244
213 16.3244
214 16.3244
215 16.3244
216 16.3244
217 16.3244
218 16.3244
219 16.3244
220 16.3244
221 16.3244
222 16.3244
223 16.3244
224 16.3244
225 16.3244
226 16.3244
227 16.3244
228 16.3244
229 16.3244
230 16.3244
231 16.3244
232 16.3244
233 16.3244
234 16.3244
235 16.3244
236 16.3244
237 16.3244
238 16.3244
239 16.3244
240 16.3244
241 16.3244
242 16.3244
243 16.3244
244 16.3244
245 16.3244
246 16.3244
247 16.3244
248 16.3244
249 16.3244
250 16.3244
251 16.3244
252 16.3244
253 16.3244
254 16.3244
255 16.3244
256 16.3244
257 16.3244
258 16.3244
259 16.3244
260 16.3244
261 16.3244
262 16.3244
263 16.3244
264 16.3244
265 16.3244
266 16.3244
267 16.3244
268 16.2299
269 16.2299
270 13.793
271 13.793
272 13.793
273 13.793
274 13.793
275 13.2915
276 13.2915
277 13.2915
278 13.2915
279 13.2915
280 13.2915
281 13.2915
282 13.2915
283 13.2915
284 13.2915
285 13.2915
286 13.2915
287 13.2915
288 13.2915
289 13.2915
290 13.2915
291 13.2915
292 13.2915
293 13.2915
294 13.2915
295 13.2915
296 13.2915
297 13.1718
298 13.1718
299 13.1718
300 13.1718
301 13.1718
302 13.1718
303 13.1718
304 13.1718
305 13.1718
306 13.1718
307 13.1718
308 13.1718
309 13.1718
310 13.1718
311 13.1718
312 13.1718
313 13.1718
314 13.1718
315 13.1718
316 13.1718
317 13.1718
318 13.1718
319 12.6857
320 12.6857
321 12.6857
322 12.6857
323 12.6857
324 12.6857
325 12.6857
326 12.6857
327 11.9368
328 11.9368
329 11.9368
330 11.9368
331 11.9368
332 11.9368
333 11.9368
334 11.9368
335 11.9368
336 11.9368
337 11.9368
338 11.9368
339 11.9368
340 11.9368
341 11.9368
342 11.9368
343 11.9368
344 11.9368
345 11.9368
346 11.9368
347 11.9368
348 11.9368
349 11.9368
350 11.9368
351 11.6924
352 11.6924
353 11.3059
354 11.3059
355 11.1332
356 11.1332
357 11.1332
358 11.1332
359 11.1332
360 11.1332
361 11.1332
362 11.1332
363 11.1332
364 11.1332
365 11.1332
366 11.1332
367 11.1332
368 11.1332
369 11.1332
370 11.1332
371 11.1332
372 11.1332
373 11.1332
374 11.1332
375 11.1332
376 11.1332
377 11.1332
378 10.6133
379 10.6133
380 10.6133
381 10.6133
382 10.6133
383 10.6133
384 10.6133
385 10.6133
386 10.6133
387 10.6133
388 10.6133
389 10.6133
390 10.6133
391 10.3346
392 10.3346
393 10.3346
394 10.3346
395 10.1906
396 10.1906
397 10.1906
398 10.0665
399 10.0665
400 10.0665
401 10.0665
402 10.0665
403 10.0665
404 10.0665
405 10.0665
406 10.0665
407 10.0665
408 10.0665
409 10.0665
410 10.0665
411 10.0665
412 10.0166
413 10.0166
414 10.0166
415 10.0166
416 10.0166
417 10.0166
418 10.0166
419 10.0166
420 10.0166
421 10.0166
422 10.0166
423 10.0166
424 10.0166
425 10.0166
426 10.0166
427 10.0166
428 10.0166
429 10.0166
430 10.0166
431 10.0166
432 10.0166
433 10.0166
434 10.0166
435 10.0166
436 10.0166
437 10.0166
438 10.0166
439 10.0166
440 10.0166
441 10.0166
442 10.0166
443 9.87768
444 9.87768
445 9.87768
446 9.87768
447 9.87768
448 9.87768
449 9.87768
450 9.87768
451 9.87768
452 9.68176
453 9.68176
454 9.68176
455 9.68176
456 9.68176
457 9.68176
458 9.68176
459 9.47074
460 9.47074
461 9.47074
462 9.47074
463 9.47074
464 9.47074
465 9.47074
466 9.47074
467 9.47074
468 9.47074
469 9.47074
470 9.47074
471 9.47074
472 9.47074
473 9.47074
474 9.47074
475 9.47074
476 9.47074
477 9.47074
478 9.47074
479 9.47074
480 9.47074
481 9.47074
482 9.47074
483 9.47074
484 9.47074
485 9.47074
486 9.47074
487 9.47074
488 9.47074
489 9.47074
490 9.47074
491 9.47074
492 8.83964
493 8.83964
494 8.83964
495 8.83964
496 8.83964
497 8.83964
498 8.83964
499 8.83964
500 8.83964
501 8.83964
502 8.8104
503 8.8104
504 8.8104
505 8.8104
506 8.8104
507 8.8104
508 8.8104
509 8.8104
510 8.8104
511 8.8104
512 8.8104
513 8.8104
514 8.8104
515 8.8104
516 8.8104
517 8.8104
518 8.8104
519 8.8104
520 8.8104
521 8.8104
522 8.8104
523 8.8104
524 8.8104
525 8.8104
526 8.8104
527 8.8104
528 8.8104
529 8.8104
530 8.8104
531 8.8104
532 8.8104
533 8.8104
534 8.8104
535 8.8104
536 8.8104
537 8.8104
538 8.8104
539 8.8104
540 8.8104
541 8.8104
542 8.8104
543 8.8104
544 8.8104
545 8.73126
546 8.73126
547 8.73126
548 8.73126
549 8.73126
550 8.73126
551 8.73126
552 8.73126
553 8.73126
554 8.73126
555 8.73126
556 8.73126
557 8.73126
558 8.73126
559 8.73126
560 8.73126
561 8.73126
562 8.73126
563 8.73126
564 8.73126
565 8.73126
566 8.73126
567 8.73126
568 8.73126
569 8.73126
570 8.73126
571 8.73126
572 8.73126
573 8.73126
574 8.73126
575 8.73126
576 8.73126
577 8.73126
578 8.73126
579 8.73126
580 8.73126
581 8.73126
582 8.59729
583 8.59729
584 8.38886
585 8.38886
586 8.38886
587 8.38886
588 8.38886
589 8.38886
590 8.38886
591 8.38886
592 8.38886
593 8.38886
594 8.38886
595 8.38886
596 8.38886
597 8.38886
598 7.98754
599 7.98754
600 7.98754
601 7.98754
602 7.98754
603 7.98754
604 7.98754
605 7.98754
606 7.98754
607 7.98754
608 7.98754
609 7.98754
610 7.98754
611 7.98754
612 7.98754
613 7.98754
614 7.98754
615 7.98754
616 7.98754
617 7.98754
618 7.98754
619 7.98754
620 7.98754
621 7.98754
622 7.98754
623 7.98754
624 7.98754
625 7.98754
626 7.88614
627 7.88614
628 7.88614
629 7.88614
630 7.88614
631 7.88614
632 7.88614
633 7.88614
634 7.88614
635 7.88614
636 7.88614
637 7.88614
638 7.88614
639 7.88614
640 7.88614
641 7.88614
642 7.88614
643 7.88614
644 7.67926
645 7.67926
646 7.67926
647 7.67926
648 7.67926
649 7.67926
650 7.67926
651 7.67926
652 7.67926
653 7.67926
654 7.67926
655 7.67926
656 7.67926
657 7.67926
658 7.67926
659 7.67926
660 7.67926
661 7.67926
662 7.67926
663 7.67926
664 7.67926
665 7.67926
666 7.67926
667 7.67926
668 7.67926
669 7.67926
670 7.67926
671 7.67926
672 7.67926
673 7.67926
674 7.67926
675 7.67926
676 7.67926
677 7.67926
678 7.67926
679 7.67926
680 7.67926
681 7.67926
682 7.67926
683 7.67926
684 7.67926
685 7.67926
686 7.67926
687 7.67926
688 7.67926
689 7.67926
690 7.67926
691 7.67926
692 7.67926
693 7.67926
694 7.67926
695 7.67926
696 7.67926
697 7.67926
698 7.67926
699 7.67926
700 7.67926
701 7.67926
702 7.67926
703 7.67926
704 7.67926
705 7.67926
706 7.67926
707 7.67926
708 7.67926
709 7.67926
710 7.67926
711 7.67926
712 7.67926
713 7.67926
714 7.67926
715 7.67926
716 7.67451
717 7.67451
718 7.67451
719 7.67451
720 7.67451
721 7.67451
722 7.67451
723 7.67451
724 7.67451
725 7.67451
726 7.67451
727 7.67451
728 7.67451
729 7.67451
730 7.67451
731 7.67451
732 7.67451
733 7.67451
734 7.67451
735 7.67451
736 7.67451
737 7.67451
738 7.67451
739 7.67451
740 7.67451
741 7.67451
742 7.67451
743 7.67451
744 7.67451
745 7.67451
746 7.67451
747 7.67451
748 7.67451
749 7.56438
750 7.56438
751 7.56438
752 7.56438
753 7.56438
754 7.4017
755 7.4017
756 7.4017
757 7.4017
758 7.4017
759 7.4017
760 7.4017
761 7.4017
762 7.4017
763 7.4017
764 7.4017
765 7.4017
766 7.4017
767 7.4017
768 7.4017
769 7.4017
770 7.3444
771 7.36389
772 7.36389
773 7.36389
774 7.36389
775 7.36389
776 7.36389
777 7.3444
778 7.3444
779 7.3444
780 7.3444
781 7.3444
782 7.3444
783 7.3444
784 7.3444
785 7.3444
786 7.3444
787 7.1598
788 7.1598
789 7.1598
790 7.1598
791 7.1598
792 7.1598
793 7.1598
794 7.1598
795 7.1598
796 7.1598
797 7.1598
798 7.1598
799 7.1598
800 7.1598
801 7.1598
802 7.1598
803 7.1598
804 7.1598
805 7.1598
806 7.1598
807 7.1598
808 7.1598
809 7.1598
810 7.1598
811 7.1598
812 7.1598
813 7.1598
814 7.16614
815 7.16614
816 7.16614
817 7.16614
818 7.16614
819 7.16614
820 7.16614
821 7.16614
822 7.16614
823 7.16614
824 7.16614
825 7.16614
826 7.16614
827 7.16614
828 7.16614
829 7.16614
830 7.16614
831 7.16614
832 7.16614
833 7.16614
834 7.16614
835 7.16614
836 6.80204
837 6.80204
838 6.80204
839 6.80204
840 6.80204
841 6.80204
842 6.80204
843 6.80204
844 6.80204
845 6.80204
846 6.80204
847 6.80204
848 6.80204
849 6.80204
850 6.80204
851 6.80204
852 6.80204
853 6.80204
854 6.80204
855 6.80204
856 6.80204
857 6.80204
858 6.80204
859 6.80204
860 6.80204
861 6.80204
862 6.80204
863 6.80204
864 6.80204
865 6.80204
866 6.80204
867 6.71932
868 6.71932
869 6.71932
870 6.71932
871 6.71932
872 6.71932
873 6.71932
874 6.71932
875 6.71932
876 6.71932
877 6.71932
878 6.71932
879 6.71932
880 6.71932
881 6.71932
882 6.71932
883 6.71932
884 6.71932
885 6.71932
886 6.71932
887 6.71932
888 6.71932
889 6.71932
890 6.58013
891 6.70313
892 6.70313
893 6.70313
894 6.70313
895 6.70313
896 6.70313
897 6.70313
898 6.70313
899 6.70313
900 6.70313
901 6.70313
902 6.70313
903 6.70313
904 6.77306
905 6.77306
906 6.67935
907 6.67935
908 6.67935
909 6.67935
910 6.67935
911 6.67935
912 6.67935
913 6.67935
914 6.67935
915 6.67935
916 6.67935
917 6.67935
918 6.67935
919 6.67935
920 6.67935
921 6.67935
922 6.67935
923 6.67935
924 6.67935
925 6.67935
926 6.68073
927 6.63636
928 6.63636
929 6.63636
930 6.63636
931 6.63636
932 6.63636
933 6.63636
934 6.63636
935 6.63636
936 6.63636
937 6.63636
938 6.63636
939 6.63636
940 6.47267
941 6.54978
942 6.54978
943 6.54978
944 6.54978
945 6.54978
946 6.54978
947 6.54978
948 6.54978
949 6.54978
950 6.54978
951 6.54978
952 6.54978
953 6.54978
954 6.54978
955 6.54978
956 6.54978
957 6.54978
958 6.54978
959 6.54978
960 6.54978
961 6.54978
962 6.54978
963 6.54978
964 6.54978
965 6.54978
966 6.54978
967 6.54978
968 6.54978
969 6.54978
970 6.54978
971 6.54978
972 6.54978
973 6.54978
974 6.54978
975 6.54978
976 6.54978
977 6.54978
978 6.13456
979 6.45354
980 6.45354
981 6.45354
982 6.45354
983 6.45354
984 6.45354
985 6.45354
986 6.45354
987 6.45354
988 6.45354
989 6.45354
990 6.45354
991 6.45354
992 6.45354
993 6.45354
994 6.45354
995 6.45354
996 6.45354
997 6.45354
998 6.45354
999 6.45354
1000 6.45354
1001 6.45354
1002 6.45354
1003 6.45354
1004 6.45354
1005 6.45354
1006 6.45354
1007 6.45354
1008 6.33409
1009 6.39956
1010 6.39956
1011 6.39956
1012 6.39956
1013 6.39956
1014 6.39956
1015 6.39956
1016 6.39956
1017 6.39956
1018 6.39956
1019 6.39956
1020 6.39956
1021 6.39956
1022 6.39956
1023 6.39956
1024 6.39956
1025 6.39956
1026 6.39956
1027 6.39956
1028 6.39956
1029 6.39956
1030 6.39956
1031 6.39956
1032 6.39956
1033 6.39956
1034 6.39956
1035 6.39956
1036 6.39956
1037 6.39956
1038 6.39956
1039 6.39956
1040 6.39956
1041 6.39956
1042 6.39956
1043 6.39956
1044 6.39956
1045 6.39956
1046 6.39462
1047 6.39462
1048 6.39462
1049 6.39462
1050 6.39462
1051 6.39462
1052 6.35868
1053 6.35868
1054 6.35868
1055 6.35868
1056 6.35868
1057 6.35868
1058 6.35868
1059 6.35868
1060 6.39462
1061 6.39462
1062 6.35868
1063 6.35868
1064 6.35868
1065 6.35868
1066 6.33743
1067 6.33743
1068 6.13432
1069 6.13432
1070 6.13432
1071 6.13432
1072 6.13432
1073 6.13432
1074 6.13432
1075 6.13432
1076 6.13432
1077 6.13432
1078 6.13432
1079 6.13432
1080 6.13432
1081 6.13432
1082 6.13432
1083 6.13432
1084 6.13432
1085 6.13432
1086 6.13432
1087 6.13432
1088 6.13432
1089 6.13432
1090 6.13432
1091 6.13432
1092 6.13432
1093 6.13432
1094 6.13432
1095 6.13432
1096 6.13432
1097 6.13432
1098 6.13432
1099 6.12461
1100 6.12461
1101 6.12461
1102 6.12461
1103 6.12461
1104 6.12461
1105 6.12461
1106 6.12461
1107 6.12461
1108 6.12461
1109 6.12461
1110 6.12461
1111 6.12461
1112 6.12461
1113 6.12461
1114 6.12461
1115 6.12461
1116 6.12461
1117 6.12461
1118 6.12461
1119 6.12461
1120 6.12461
1121 6.12461
1122 6.12461
1123 6.12461
1124 6.12461
1125 6.12461
1126 6.12461
1127 6.12461
1128 6.12461
1129 6.12461
1130 6.12461
1131 6.12461
1132 6.12461
1133 6.12461
1134 6.12461
1135 6.12461
1136 6.12461
1137 6.12461
1138 6.12461
1139 6.12461
1140 6.12461
1141 6.12461
1142 6.12461
1143 6.12461
1144 6.12461
1145 6.12461
1146 6.12461
1147 6.12461
1148 6.12461
1149 6.12461
1150 6.12461
1151 6.12461
1152 6.12461
1153 6.12461
1154 6.12461
1155 6.12461
1156 6.12461
1157 6.12461
1158 6.12461
1159 6.12461
1160 6.12461
1161 6.12461
1162 6.12461
1163 6.12461
1164 6.12461
1165 6.12461
1166 6.12461
1167 6.12461
1168 6.12461
1169 6.12461
1170 6.12461
1171 6.12461
1172 6.12461
1173 6.12461
1174 6.12461
1175 6.12461
1176 6.12461
1177 6.12461
1178 6.12461
1179 6.12461
1180 6.12461
1181 6.12461
1182 6.12461
1183 6.12461
1184 6.12461
1185 6.12461
1186 6.12461
1187 6.12461
1188 6.12461
1189 6.12461
1190 6.12461
1191 6.12461
1192 6.12461
1193 6.12461
1194 6.12461
1195 6.12461
1196 6.12461
1197 6.12461
1198 6.12461
1199 6.12461
1200 6.12461
1201 6.12461
1202 6.12461
1203 6.12461
1204 6.12461
1205 6.12461
1206 6.12461
1207 6.12461
1208 6.12461
1209 6.12461
1210 6.12461
1211 6.12461
1212 6.12461
1213 6.12461
1214 6.12461
1215 6.12461
1216 6.12461
1217 6.12461
1218 6.12461
1219 6.12461
1220 6.12461
1221 6.12461
1222 6.12461
1223 6.12461
1224 6.13517
1225 6.13517
1226 6.12461
1227 6.12461
1228 6.13517
1229 6.13517
1230 6.12461
1231 6.12461
1232 6.12461
1233 6.12461
1234 5.99632
1235 5.99632
1236 5.99632
1237 5.99632
1238 5.99632
1239 5.99632
1240 5.99632
1241 5.99632
1242 5.99632
1243 5.99632
1244 5.99632
1245 5.99632
1246 5.99632
1247 5.99632
1248 5.99632
1249 5.99632
1250 5.99632
1251 5.99632
1252 5.99632
1253 5.99632
1254 5.99632
1255 5.99632
1256 5.99632
1257 5.99632
1258 5.99632
1259 5.99632
1260 5.99632
1261 5.99632
1262 5.99632
1263 5.99632
1264 5.99632
1265 5.99632
1266 5.74738
1267 5.74738
1268 5.74738
1269 5.74738
1270 5.74738
1271 5.74738
1272 5.74738
1273 5.74738
1274 5.74738
1275 5.74738
1276 5.74738
1277 5.74738
1278 5.74738
1279 5.74738
1280 5.74738
1281 5.46298
1282 5.46298
1283 5.46298
1284 5.46298
1285 5.46298
1286 5.46298
1287 5.46298
1288 5.46298
1289 5.46298
1290 5.46298
1291 5.46298
1292 5.46298
1293 5.46298
1294 5.46298
1295 5.46298
1296 5.46298
1297 5.46298
1298 5.46298
1299 5.46298
1300 5.46298
1301 5.46298
1302 5.46298
1303 5.46298
1304 5.46298
1305 5.46298
1306 5.46298
1307 5.46298
1308 5.46298
1309 5.46298
1310 5.46298
1311 5.46298
1312 5.46298
1313 5.46298
1314 5.46298
1315 5.46298
1316 5.46298
1317 5.46298
1318 5.46298
1319 5.46298
1320 5.46298
1321 5.46298
1322 5.46298
1323 5.46298
1324 5.46298
1325 5.46298
1326 5.46298
1327 5.46298
1328 5.46298
1329 5.46298
1330 5.25404
1331 5.25404
1332 5.25404
1333 5.25404
1334 5.25404
1335 5.25404
1336 5.25404
1337 5.25404
1338 5.27472
1339 5.27472
1340 5.27472
1341 5.19304
1342 5.19304
1343 5.19304
1344 5.19304
1345 5.19304
1346 5.19304
1347 5.19304
1348 5.19304
1349 5.19304
1350 5.19304
1351 5.19304
1352 5.19304
1353 5.19304
1354 5.19304
1355 5.19304
1356 5.19304
1357 5.19304
1358 5.19304
1359 5.19304
1360 5.19304
1361 5.19304
1362 5.19304
1363 5.19304
1364 5.19304
1365 5.19304
1366 5.19304
1367 5.19304
1368 5.19304
1369 5.19304
1370 5.19304
1371 5.19304
1372 5.19304
1373 5.19304
1374 5.19304
1375 5.19304
1376 5.19304
1377 5.19304
1378 5.19304
1379 5.19304
1380 5.19304
1381 5.19304
1382 5.19304
1383 5.19304
1384 5.19304
1385 5.19304
1386 5.19304
1387 5.19304
1388 5.19304
1389 5.19304
1390 5.19304
1391 5.19304
1392 5.19304
1393 5.19304
1394 5.19304
1395 5.19304
1396 5.19304
1397 5.19304
1398 5.19304
1399 5.19304
1400 5.19304
1401 5.19304
1402 5.19304
1403 5.19304
1404 5.19304
1405 5.19304
1406 5.19304
1407 5.19304
1408 5.19304
1409 5.19304
1410 5.19304
1411 5.19304
1412 5.19304
1413 5.19304
1414 5.19304
1415 5.19304
1416 5.19304
1417 5.19304
1418 5.10959
1419 5.10959
1420 5.10959
1421 5.10959
1422 5.10959
1423 5.10959
1424 5.10959
1425 5.10959
1426 5.10959
1427 5.10959
1428 5.10959
1429 5.10959
1430 5.10959
1431 5.10959
1432 5.10959
1433 5.10959
1434 5.10959
1435 5.10959
1436 5.10959
1437 5.10959
1438 5.10959
1439 5.10959
1440 5.10959
1441 5.10959
1442 5.10959
1443 5.10959
1444 5.10959
1445 5.10959
1446 5.10959
1447 5.05295
1448 5.05295
1449 5.05295
1450 5.05295
1451 5.05295
1452 5.05295
1453 5.05295
1454 5.05295
1455 5.05295
1456 5.05295
1457 5.05295
1458 5.05295
1459 5.05295
1460 5.05295
1461 5.05295
1462 5.05295
1463 5.05295
1464 5.05295
1465 5.05295
1466 5.05295
1467 5.05295
1468 5.05295
1469 5.05295
1470 5.05295
1471 5.05295
1472 5.05295
1473 5.05295
1474 5.05295
1475 5.05295
1476 5.05295
1477 5.05295
1478 5.05295
1479 5.05295
1480 5.05295
1481 5.05295
1482 5.05295
1483 5.05295
1484 5.05295
1485 5.05295
1486 5.05295
1487 5.05295
1488 5.05295
1489 5.05295
1490 4.43521
1491 4.43521
1492 4.43521
1493 4.43521
1494 4.43521
1495 4.43521
1496 4.43521
1497 4.43521
1498 4.43521
1499 4.43521
1500 4.43521
1501 4.27137
1502 4.27137
1503 4.27137
1504 4.27137
1505 4.27137
1506 4.27137
1507 4.27137
1508 4.27137
1509 4.27137
1510 4.27137
1511 4.27137
1512 4.27137
1513 4.27137
1514 4.27137
1515 4.27137
1516 4.27137
1517 4.25814
1518 4.25814
1519 4.25814
1520 4.25814
1521 4.25814
1522 4.25814
1523 4.25814
1524 4.25814
1525 4.25814
1526 4.25814
1527 4.25814
1528 4.25814
1529 4.25814
1530 4.25814
1531 4.25814
1532 4.25814
1533 4.25814
1534 4.25814
1535 4.25814
1536 4.25814
1537 4.25814
1538 4.25814
1539 4.25814
1540 4.25814
1541 4.25814
1542 4.25814
1543 4.25814
1544 4.25814
1545 4.25814
1546 4.25814
1547 4.25814
1548 4.25814
1549 4.25814
1550 4.25814
1551 4.25814
1552 4.25814
1553 4.25814
1554 4.25814
1555 4.25814
1556 4.25814
1557 4.25814
1558 4.25814
1559 4.25814
1560 4.25814
1561 4.25814
1562 4.25814
1563 4.25814
1564 4.25814
1565 4.25814
1566 4.25814
1567 4.25814
1568 4.25814
1569 4.25814
1570 4.25814
1571 4.25814
1572 4.25814
1573 4.25814
1574 4.25814
1575 4.25814
1576 4.25814
1577 4.25814
1578 4.25814
1579 4.25814
1580 4.25814
1581 4.25814
1582 4.25814
1583 4.25814
1584 4.25814
1585 4.25814
1586 4.25814
1587 4.25814
1588 4.25814
1589 4.25814
1590 4.25814
1591 4.25814
1592 4.25814
1593 4.25814
1594 4.25814
1595 4.25814
1596 4.25814
1597 4.25814
1598 4.25814
1599 4.25814
1600 4.25814
1601 4.25814
1602 4.25814
1603 4.25814
1604 4.25814
1605 4.25814
1606 4.25814
1607 4.25814
1608 4.25814
1609 4.25814
1610 4.25814
1611 4.25814
1612 4.25814
1613 4.25814
1614 4.25814
1615 4.25814
1616 4.25814
1617 4.25814
1618 4.25814
1619 4.25814
1620 4.25814
1621 4.25814
1622 4.25814
1623 4.23179
1624 4.23179
1625 4.23013
1626 4.23013
1627 4.23179
1628 4.23179
1629 4.23013
1630 4.23013
1631 4.23179
1632 4.23179
1633 4.23179
1634 4.23179
1635 4.23179
1636 4.23179
1637 4.23013
1638 4.23013
1639 4.23179
1640 4.23179
1641 4.23179
1642 4.23179
1643 4.23179
1644 4.23179
1645 4.23179
1646 4.23179
1647 4.23013
1648 4.23013
1649 4.23179
1650 4.16737
1651 4.23013
1652 4.23013
1653 4.23013
1654 4.23013
1655 4.23013
1656 4.23013
1657 4.23013
1658 4.23013
1659 4.23013
1660 4.23013
1661 4.23013
1662 4.23013
1663 4.23013
1664 4.23013
1665 4.23013
1666 4.23013
1667 4.23013
1668 4.23013
1669 4.23013
1670 4.23013
1671 4.23013
1672 4.23013
1673 4.23013
1674 4.23013
1675 4.23013
1676 4.23013
1677 4.23013
1678 4.23013
1679 4.23013
1680 4.23013
1681 4.23013
1682 4.23013
1683 4.23013
1684 4.23013
1685 4.23013
1686 4.23013
1687 4.23013
1688 4.23013
1689 4.23013
1690 4.23013
1691 4.23013
1692 4.23013
1693 4.23013
1694 4.23013
1695 4.23013
1696 4.23013
1697 4.23013
1698 4.23013
1699 4.23013
1700 4.23013
1701 4.23013
1702 4.23013
1703 4.23013
1704 4.23013
1705 4.23013
1706 4.23013
1707 4.23013
1708 4.23013
1709 4.23013
1710 4.23013
1711 4.23013
1712 4.23013
1713 4.23013
1714 4.23013
1715 4.23013
1716 4.23013
1717 4.23013
1718 4.23013
1719 4.16737
1720 4.16737
1721 4.16737
1722 4.16737
1723 4.16737
1724 4.16737
1725 4.16737
1726 4.16737
1727 4.16737
1728 4.16737
1729 4.16737
1730 4.16737
1731 4.16737
1732 4.16737
1733 4.16737
1734 4.16737
1735 4.16737
1736 4.16737
1737 4.16737
1738 4.16737
1739 4.16737
1740 4.16737
1741 4.16737
1742 4.16737
1743 4.16737
1744 4.16737
1745 4.16737
1746 4.16737
1747 4.16737
1748 4.16737
1749 4.16737
1750 4.16737
1751 4.16737
1752 4.16737
1753 4.16737
1754 4.16737
1755 4.16737
1756 4.16737
1757 4.16737
1758 4.16737
1759 4.16737
1760 4.16737
1761 4.16737
1762 4.16737
1763 4.16737
1764 4.16737
1765 4.16737
1766 4.16737
1767 4.16737
1768 4.16737
1769 4.16737
1770 4.16737
1771 4.16737
1772 4.16737
1773 4.16737
1774 4.16737
1775 4.16737
1776 4.16737
1777 4.16737
1778 4.16737
1779 4.16737
1780 4.16737
1781 4.16737
1782 4.16737
1783 4.16737
1784 4.16737
1785 4.16737
1786 4.16737
1787 4.16737
1788 4.16737
1789 4.16737
1790 4.16737
1791 4.16737
1792 4.16737
1793 4.16737
1794 4.16737
1795 4.16737
1796 4.16737
1797 4.16737
1798 4.16737
1799 4.16737
1800 4.16737
1801 4.16737
1802 4.16737
1803 4.16737
1804 4.16737
1805 4.16737
1806 4.16737
1807 4.16737
1808 4.16737
1809 4.16737
1810 4.16737
1811 4.16737
1812 4.16737
1813 4.16737
1814 4.16737
1815 4.16737
1816 4.16737
1817 4.16737
1818 4.16737
1819 4.16737
1820 4.16737
1821 4.16737
1822 4.16737
1823 4.16737
1824 4.16737
1825 4.16737
1826 4.16737
1827 4.16737
1828 4.16737
1829 4.16737
1830 4.16737
1831 4.16737
1832 4.16737
1833 4.16737
1834 4.16737
1835 4.16737
1836 4.16737
1837 4.16737
1838 4.16737
1839 4.16737
1840 4.16737
1841 4.16737
1842 4.16737
1843 4.16737
1844 4.16737
1845 4.16737
1846 4.16737
1847 4.16737
1848 4.16737
1849 4.16737
1850 4.16737
1851 4.16737
1852 4.16737
1853 4.16737
1854 4.16737
1855 4.16737
1856 4.16737
1857 4.16737
1858 4.16737
1859 4.16737
1860 4.16737
1861 4.16737
1862 4.16737
1863 4.16737
1864 4.16737
1865 4.16737
1866 4.16737
1867 4.16737
1868 4.16737
1869 4.16737
1870 4.16737
1871 4.16737
1872 4.16737
1873 4.16737
1874 4.16737
1875 4.16737
1876 4.16737
1877 4.16737
1878 4.16737
1879 4.16737
1880 4.16737
1881 4.16737
1882 4.16737
1883 4.16737
1884 4.16737
1885 4.16737
1886 4.16737
1887 4.16737
1888 4.16737
1889 4.16737
1890 4.16737
1891 4.16737
1892 4.16737
1893 4.16737
1894 4.16737
1895 4.16737
1896 4.16737
1897 4.16737
1898 4.16737
1899 4.16737
1900 4.16737
1901 4.16737
1902 4.16737
1903 4.16737
1904 4.16737
1905 4.16737
1906 4.16737
1907 4.16737
1908 4.16737
1909 4.16737
1910 4.16737
1911 4.16737
1912 4.16737
1913 4.17231
1914 4.17231
1915 4.17231
1916 4.17231
1917 4.17231
1918 4.17231
1919 4.17231
1920 4.17231
1921 4.17231
1922 4.17231
1923 4.17231
1924 4.17231
1925 4.17231
1926 4.17231
1927 4.17231
1928 4.17231
1929 4.17231
1930 4.17231
1931 4.17231
1932 4.17231
1933 4.17231
1934 4.17231
1935 4.17231
1936 4.17231
1937 4.17231
1938 4.17231
1939 4.17231
1940 4.17231
1941 4.17231
1942 4.17231
1943 4.17231
1944 4.17231
1945 4.17231
1946 4.17231
1947 4.17231
1948 4.17231
1949 4.17231
1950 4.17231
1951 4.17231
1952 4.17231
1953 4.17231
1954 4.17231
1955 4.17231
1956 4.17231
1957 4.17231
1958 4.17231
1959 4.17231
1960 4.17231
1961 4.17231
1962 4.17231
1963 4.17231
1964 4.17231
1965 4.17231
1966 4.17231
1967 4.17231
1968 4.17231
1969 4.17231
1970 4.17231
1971 4.17231
1972 4.17231
1973 4.17231
1974 4.17231
1975 4.17231
1976 4.17231
1977 4.17231
1978 4.17231
1979 4.17231
1980 4.17231
1981 4.17231
1982 4.17231
1983 4.17231
1984 4.17231
1985 4.17231
1986 4.17231
1987 4.17231
1988 4.17231
1989 4.17231
1990 4.17231
1991 4.17231
1992 4.17231
1993 4.17231
1994 4.17231
1995 4.17231
1996 4.17231
1997 4.17231
1998 4.17231
1999 4.17231
2000 4.17231
2001 4.17231
2002 4.17231
2003 4.17231
2004 4.17231
2005 4.17231
2006 4.17231
2007 4.17231
2008 4.17231
2009 4.17231
2010 4.17231
2011 4.17231
2012 4.17231
2013 4.17231
2014 4.17231
2015 4.17231
2016 4.17231
2017 4.17231
2018 4.17231
2019 4.17231
2020 4.17231
2021 4.17231
2022 4.17231
2023 4.17231
2024 4.17231
2025 4.17231
2026 4.17231
2027 4.17231
2028 4.17231
2029 4.17231
2030 4.17231
2031 4.17231
2032 4.17231
2033 4.17231
2034 4.17231
2035 4.17231
2036 4.17231
2037 4.17231
2038 4.17231
2039 4.17231
2040 4.17231
2041 4.17231
2042 4.17231
2043 4.17231
2044 4.17231
2045 4.17231
2046 4.17231
2047 4.17231
2048 4.17231
2049 4.17231
2050 4.17231
2051 4.17231
2052 4.17231
2053 4.17231
2054 4.17231
2055 4.17231
2056 4.17231
2057 4.17231
2058 4.17231
2059 4.17231
2060 4.17231
2061 4.17231
2062 4.17231
2063 4.17231
2064 4.17231
2065 4.17231
2066 4.17231
2067 4.17231
2068 4.17231
2069 4.17231
2070 4.17231
2071 4.17231
2072 4.17231
2073 4.17231
2074 4.17231
2075 4.17231
2076 4.17231
2077 4.17231
2078 4.17231
2079 4.17231
2080 4.17231
2081 4.17231
2082 4.17231
2083 4.17231
2084 4.17231
2085 4.17231
2086 4.17231
2087 4.17231
2088 4.17231
2089 4.17231
2090 4.17231
2091 4.17231
2092 4.17231
2093 4.17231
2094 4.17231
2095 4.17231
2096 4.17231
2097 4.17231
2098 4.17231
2099 4.17231
2100 4.17231
2101 4.17231
2102 4.17231
2103 4.17231
2104 4.17231
2105 4.17231
2106 4.17231
2107 4.17231
2108 4.17231
2109 4.17231
2110 4.17231
2111 4.17231
2112 4.17231
2113 4.17231
2114 4.17231
2115 4.17231
2116 4.17231
2117 4.17231
2118 4.17231
2119 4.17231
2120 4.17231
2121 4.17231
2122 4.17231
2123 4.17231
2124 4.17231
2125 4.17231
2126 4.17231
2127 4.17231
2128 4.17231
2129 4.17231
2130 4.17231
2131 4.17231
2132 4.17231
2133 4.17231
2134 4.17231
2135 4.17231
2136 4.17231
2137 4.17231
2138 4.17231
2139 4.17231
2140 4.17231
2141 4.17231
2142 4.17231
2143 4.17231
2144 4.17231
2145 4.17231
2146 4.17231
2147 4.17231
2148 4.17231
2149 4.17231
2150 4.17231
2151 4.17231
2152 4.17231
2153 4.17231
2154 4.17231
2155 4.17231
2156 4.17231
2157 4.17231
2158 4.17231
2159 4.17231
2160 4.17231
2161 4.17231
2162 4.17231
2163 4.17231
2164 4.17231
2165 4.17231
2166 4.17231
2167 4.17231
2168 4.17231
2169 4.17231
2170 4.17231
2171 4.17231
2172 4.17231
2173 3.72501
2174 3.72501
2175 3.72501
2176 3.72501
2177 3.72395
2178 3.72395
2179 3.72501
2180 3.72501
2181 3.72501
2182 3.72501
2183 3.72395
2184 3.72395
2185 3.72501
2186 2.63568
2187 3.72395
2188 3.72395
2189 3.72395
2190 3.72395
2191 3.72395
2192 3.72395
2193 3.72395
2194 3.72395
2195 3.72395
2196 3.72395
2197 3.72395
2198 3.72395
2199 3.72395
2200 3.72395
2201 3.72312
2202 3.72312
2203 3.72312
2204 3.72312
2205 3.72312
2206 3.72312
2207 3.72312
2208 3.72312
2209 3.72312
2210 3.72312
2211 3.72312
2212 3.72312
2213 3.72312
2214 3.72312
2215 3.72312
2216 3.72312
2217 3.72312
2218 3.72312
2219 3.72312
2220 3.72312
2221 3.72312
2222 3.72312
2223 3.72312
2224 3.72312
2225 3.72312
2226 3.72312
2227 3.72312
2228 3.72312
2229 3.72312
2230 3.72312
2231 3.72312
2232 3.72312
2233 3.72312
2234 3.72312
2235 3.72312
2236 3.72312
2237 3.72312
2238 3.72312
2239 3.72312
2240 3.72312
2241 3.72312
2242 3.72312
2243 3.72312
2244 3.72312
2245 3.72312
2246 3.72312
2247 3.72312
2248 3.72312
2249 3.72312
2250 3.72312
2251 3.72312
2252 3.72312
2253 3.72312
2254 3.72312
2255 3.72312
2256 3.72312
2257 3.72312
2258 3.72312
2259 3.72312
2260 3.72312
2261 3.72312
2262 3.72312
2263 3.72312
2264 3.72312
2265 3.72312
2266 3.72312
2267 3.72312
2268 3.72312
2269 3.72312
2270 3.72312
2271 3.72312
2272 3.72312
2273 3.72312
2274 3.72312
2275 3.72312
2276 3.72312
2277 3.72312
2278 3.72312
2279 3.72312
2280 3.72312
2281 3.72312
2282 3.72312
2283 3.72312
2284 3.72312
2285 3.72312
2286 3.72312
2287 3.72312
2288 3.72312
2289 3.72312
2290 3.72312
2291 3.72312
2292 3.72312
2293 3.72312
2294 3.72312
2295 3.72312
2296 3.72312
2297 3.72312
2298 3.72312
2299 3.72312
2300 3.72312
2301 3.72312
2302 3.72312
2303 3.72312
2304 3.72312
2305 3.72312
2306 3.72312
2307 3.72312
2308 3.72312
2309 3.72312
2310 3.72312
2311 3.72312
2312 3.72312
2313 3.72312
2314 3.72312
2315 3.72312
2316 3.72312
2317 3.72312
2318 3.72312
2319 3.72312
2320 3.72312
2321 3.72312
2322 3.72312
2323 3.72312
2324 3.72312
2325 3.72312
2326 3.72312
2327 3.72312
2328 3.72312
2329 3.72312
2330 3.72312
2331 3.72312
2332 3.72312
2333 3.72312
2334 3.72312
2335 3.72312
2336 3.72312
2337 3.72312
2338 3.72312
2339 3.72312
2340 3.72312
2341 3.72312
2342 3.72312
2343 3.72312
2344 3.72312
2345 3.72312
2346 3.72312
2347 3.72312
2348 3.72312
2349 3.72312
2350 3.72312
2351 3.72312
2352 3.72312
2353 3.72312
2354 3.72312
2355 3.72312
2356 3.72312
2357 3.72312
2358 3.72312
2359 3.72312
2360 3.72312
2361 3.72312
2362 3.72312
2363 3.72312
2364 3.72312
2365 3.72312
2366 3.72312
2367 3.72312
2368 3.72312
2369 3.72312
2370 3.72312
2371 3.72312
2372 3.3243
2373 3.3243
2374 3.3243
2375 3.3243
2376 3.3243
2377 3.3243
2378 3.3243
2379 3.3243
2380 3.3243
2381 3.3243
2382 3.3243
2383 3.3243
2384 3.3243
2385 3.3243
2386 3.3243
2387 3.3243
2388 3.3243
2389 3.3243
2390 3.3243
2391 3.3243
2392 3.3243
2393 3.3243
2394 3.3243
2395 3.3243
2396 3.3243
2397 3.3243
2398 3.3243
2399 3.3243
2400 3.3243
2401 3.3243
2402 3.3243
2403 3.3243
2404 3.3243
2405 3.3243
2406 3.3243
2407 3.3243
2408 3.3243
2409 3.3243
2410 3.3243
2411 3.3243
2412 3.3243
2413 3.3243
2414 3.3243
2415 3.3243
2416 3.3243
2417 3.3243
2418 3.3243
2419 3.3243
2420 3.3243
2421 3.3243
2422 3.3243
2423 3.3243
2424 3.3243
2425 3.3243
2426 3.3243
2427 3.3243
2428 3.3243
2429 3.3243
2430 3.3243
2431 3.3243
2432 3.3243
2433 3.3243
2434 3.3243
2435 3.3243
2436 3.3243
2437 3.3243
2438 3.3243
2439 3.3243
2440 3.3243
2441 3.3243
2442 3.2471
2443 3.2471
2444 3.2471
2445 3.2471
2446 3.2471
2447 3.2471
2448 3.2471
2449 3.2471
2450 3.2471
2451 3.2471
2452 3.2471
2453 3.2471
2454 3.2471
2455 3.2471
2456 3.2471
2457 3.2471
2458 3.2471
2459 3.2471
2460 3.2471
2461 3.2471
2462 3.2471
2463 3.2471
2464 3.2471
2465 3.2471
2466 3.2471
2467 3.2471
2468 3.2471
2469 3.2471
2470 3.2471
2471 3.2471
2472 3.2471
2473 3.2471
2474 3.2471
2475 3.2471
2476 3.2471
2477 3.2471
2478 3.2471
2479 3.2471
2480 3.2471
2481 3.2471
2482 3.2471
2483 3.2471
2484 3.2471
2485 3.2471
2486 3.2471
2487 3.2471
2488 3.2471
2489 3.2471
2490 3.2471
2491 3.2471
2492 3.2471
2493 3.2471
2494 3.2471
2495 3.2471
2496 3.2471
2497 3.2471
2498 3.2471
2499 3.2471
2500 3.2471
