Gen L
1 54.83
2 54.83
3 46.6663
4 52.1499
5 44.1526
6 44.1526
7 44.1526
8 44.1526
9 39.9852
10 44.1526
11 39.9265
12 44.1526
13 37.1908
14 39.9831
15 38.9824
16 39.9265
17 39.9265
18 39.9265
19 37.0122
20 37.8535
21 34.5535
22 37.0122
23 37.0122
24 37.0122
25 36.0101
26 36.0101
27 36.0101
28 36.0101
29 34.7594
30 34.7594
31 34.7594
32 34.7594
33 34.7594
34 34.7594
35 29.9781
36 29.9781
37 29.9781
38 29.9781
39 29.6614
40 29.6614
41 29.6614
42 29.619
43 29.619
44 29.2371
45 29.2371
46 29.2371
47 29.0974
48 29.0974
49 28.643
50 28.643
51 28.643
52 28.643
53 28.643
54 28.643
55 28.643
56 28.643
57 28.004
58 28.004
59 28.004
60 28.004
61 27.3935
62 27.8999
63 27.8999
64 27.8999
65 27.8999
66 27.8999
67 27.8999
68 27.8999
69 27.8999
70 27.8999
71 27.8999
72 27.8999
73 27.8999
74 27.8999
75 27.7556
76 27.7556
77 27.6546
78 27.6546
79 27.6546
80 27.6546
81 27.6546
82 27.6546
83 27.6007
84 27.6007
85 26.8096
86 26.8096
87 24.4027
88 25.2494
89 25.2494
90 25.2494
91 25.2494
92 25.2494
93 25.2494
94 25.2494
95 24.862
96 24.862
97 24.2889
98 24.2889
99 24.2889
100 24.2889
101 24.0956
102 24.0956
103 24.0956
104 24.0956
105 24.0956
106 24.0956
107 24.0956
108 24.0956
109 23.595
110 23.595
111 21.4814
112 22.4949
113 22.4949
114 22.4949
115 22.4949
116 22.4949
117 22.4949
118 22.4949
119 22.4949
120 22.4949
121 22.1711
122 22.1711
123 22.1711
124 22.1711
125 21.6045
126 21.6045
127 21.6045
128 21.6045
129 21.6045
130 21.6045
131 21.6045
132 21.6045
133 21.6045
134 21.6045
135 21.6045
136 21.6045
137 21.2601
138 21.2601
139 21.2601
140 21.2601
141 21.2601
142 21.2601
143 21.2601
144 21.2601
145 21.2601
146 21.2601
147 21.2158
148 21.2158
149 21.0865
150 21.0865
151 21.0865
152 21.0865
153 21.0865
154 21.0865
155 21.0865
156 21.0865
157 21.0865
158 21.0865
159 17.0012
160 17.8567
161 17.8567
162 17.8567
163 17.8567
164 17.3022
165 17.3022
166 17.3022
167 17.3022
168 17.3022
169 17.3022
170 17.3022
171 17.3022
172 17.3022
173 17.3022
174 17.3022
175 17.3022
176 17.3022
177 17.3022
178 17.3022
179 17.3022
180 17.3022
181 17.3022
182 17.3022
183 17.3022
184 17.3022
185 17.3022
186 17.3022
187 17.3022
188 17.3022
189 17.3022
190 17.3022
191 17.3022
192 17.3022
193 17.3022
194 17.3022
195 17.3022
196 17.3022
197 17.1839
198 16.94
199 16.94
200 16.3244
201 16.3244
202 16.3244
203 16.3244
204 16.3244
205 16.3244
206 16.3244
207 16.3244
208 16.3244
209 14.4884
210 15.6331
211 15.6331
212 15.0697
213 15.0697
214 15.0697
215 14.6334
216 15.0648
217 15.0648
218 15.0648
219 15.0648
220 15.0648
221 15.0648
222 15.0648
223 15.0648
224 15.0648
225 15.0648
226 15.0648
227 15.0648
228 15.0648
229 15.0648
230 15.0648
231 15.0648
232 15.0648
233 15.0648
234 15.0648
235 15.0648
236 15.0648
237 15.0648
238 15.0648
239 15.0648
240 15.0648
241 15.0648
242 15.0648
243 15.0648
244 15.0648
245 15.0648
246 15.0648
247 15.0648
248 15.0648
249 15.0648
250 15.0648
251 15.0648
252 15.0648
253 15.0648
254 15.0648
255 15.0648
256 14.5586
257 14.5586
258 14.5586
259 14.5586
260 14.5586
261 14.5586
262 14.5586
263 14.5586
264 14.5586
265 14.5586
266 14.5586
267 13.9479
268 13.74
269 13.74
270 13.2915
271 13.2915
272 13.2915
273 13.2915
274 13.2915
275 12.1125
276 12.4505
277 12.4505
278 12.4505
279 12.4505
280 12.4505
281 12.4505
282 12.4505
283 12.4505
284 12.4505
285 12.4505
286 12.4505
287 12.4505
288 12.4505
289 12.4505
290 12.4505
291 11.6567
292 12.1125
293 12.1125
294 11.9562
295 11.9562
296 11.9562
297 11.9562
298 11.9562
299 11.9562
300 11.9562
301 11.9562
302 11.9562
303 11.9562
304 11.9562
305 11.9562
306 11.9562
307 11.9562
308 11.9368
309 11.9368
310 11.9368
311 11.9368
312 11.9368
313 11.9368
314 11.9368
315 11.9368
316 11.9368
317 11.9368
318 11.9368
319 11.9368
320 11.9368
321 11.9368
322 11.9368
323 11.9368
324 11.9368
325 11.9368
326 11.9368
327 11.7112
328 11.7112
329 11.7112
330 11.7112
331 11.7112
332 11.7112
333 11.3059
334 11.3059
335 11.3059
336 11.3059
337 11.3059
338 11.3059
339 11.3059
340 11.3059
341 11.3059
342 11.3059
343 11.3059
344 11.3059
345 11.3059
346 11.3059
347 11.3059
348 11.3059
349 11.3059
350 11.3059
351 11.3059
352 11.3059
353 11.1332
354 11.1332
355 10.8979
356 10.8979
357 10.8979
358 10.8979
359 10.8979
360 10.8979
361 10.8979
362 10.8979
363 10.8979
364 10.8979
365 10.8979
366 10.8979
367 10.8979
368 10.8979
369 10.8979
370 10.8979
371 10.8979
372 10.8979
373 10.8979
374 10.8979
375 10.8979
376 10.3346
377 10.3346
378 10.3346
379 10.3346
380 10.3346
381 10.3346
382 10.3346
383 10.3346
384 10.3346
385 10.3346
386 10.3346
387 10.3346
388 10.3346
389 10.3346
390 10.3346
391 10.1906
392 10.1906
393 10.1906
394 10.1906
395 9.27947
396 9.6504
397 9.6504
398 9.6504
399 9.6504
400 9.6504
401 9.6504
402 9.6504
403 9.6504
404 9.6504
405 9.6504
406 9.6504
407 9.6504
408 9.6504
409 9.03967
410 9.10502
411 9.10502
412 9.10502
413 9.10502
414 9.10502
415 9.10502
416 9.10502
417 9.10502
418 9.10502
419 9.10502
420 9.10502
421 9.10502
422 9.10502
423 9.10502
424 9.10502
425 9.10502
426 9.10502
427 9.10502
428 9.10502
429 9.10502
430 9.10502
431 9.10502
432 9.10502
433 9.10502
434 9.10502
435 9.10502
436 9.10502
437 9.10502
438 9.10502
439 9.10502
440 9.10502
441 9.10502
442 9.10502
443 9.10502
444 9.10502
445 9.10502
446 9.10502
447 9.10502
448 9.10502
449 9.10502
450 9.10502
451 9.10502
452 9.10502
453 9.10502
454 9.10502
455 9.10502
456 9.10502
457 9.10502
458 9.10502
459 9.10502
460 9.10502
461 9.10502
462 9.10502
463 9.10502
464 9.10502
465 9.10502
466 9.10502
467 9.10502
468 9.10502
469 9.10502
470 9.10502
471 9.10502
472 9.10502
473 9.10502
474 9.10502
475 9.10502
476 9.10502
477 9.10502
478 9.10502
479 9.10502
480 9.10502
481 9.10502
482 9.10502
483 9.10502
484 9.10502
485 9.10502
486 9.10502
487 7.8752
488 8.7427
489 8.7427
490 8.7427
491 8.7427
492 8.7427
493 7.96109
494 8.20837
495 8.20837
496 8.20837
497 8.20837
498 8.20837
499 8.20837
500 8.20837
501 8.20837
502 8.20837
503 8.20837
504 8.1988
505 8.1988
506 8.1988
507 8.1988
508 8.1988
509 8.1988
510 8.1988
511 8.1988
512 8.1988
513 8.1988
514 8.1988
515 8.1988
516 8.1988
517 8.1988
518 8.1988
519 8.1988
520 8.1988
521 8.1988
522 8.15046
523 8.15046
524 8.15046
525 8.15046
526 8.15046
527 8.15046
528 8.15046
529 8.15046
530 8.15046
531 8.15046
532 8.15046
533 8.15046
534 8.15046
535 8.15046
536 8.15046
537 8.06323
538 8.06323
539 8.06323
540 8.06323
541 8.06323
542 8.06323
543 8.06323
544 8.06323
545 8.06323
546 8.06323
547 8.06323
548 8.06323
549 8.06323
550 8.06323
551 8.06323
552 8.06323
553 8.06323
554 8.06323
555 8.06323
556 8.06323
557 8.06323
558 8.06323
559 8.06323
560 8.06323
561 8.06323
562 8.06323
563 8.06323
564 8.06323
565 8.06323
566 8.05009
567 8.05009
568 8.05009
569 8.05009
570 8.05009
571 8.05009
572 8.05009
573 8.05009
574 8.05009
575 8.05009
576 8.05009
577 8.05009
578 8.05009
579 8.05009
580 8.05009
581 8.05009
582 8.05009
583 8.05009
584 8.05009
585 8.05009
586 8.05009
587 8.05009
588 7.91355
589 7.91355
590 7.91355
591 7.91355
592 7.91355
593 7.91355
594 7.91355
595 7.91355
596 7.91355
597 7.80717
598 7.80717
599 7.80717
600 7.80717
601 7.80717
602 7.80717
603 7.80717
604 7.80717
605 7.80717
606 7.80717
607 7.80717
608 7.80717
609 7.80717
610 7.80717
611 7.80717
612 7.80717
613 7.80717
614 7.80717
615 7.80717
616 7.80717
617 7.80717
618 7.80717
619 7.80717
620 7.80717
621 7.80717
622 7.80717
623 7.80717
624 7.80717
625 7.80717
626 7.80717
627 7.80717
628 7.80717
629 7.80717
630 7.80717
631 7.80717
632 7.80717
633 7.80717
634 7.57912
635 7.57912
636 7.57912
637 7.57912
638 7.57912
639 7.57912
640 7.57912
641 7.57912
642 7.57912
643 7.57912
644 7.57912
645 7.57912
646 7.57912
647 7.57912
648 7.57912
649 7.57912
650 7.57912
651 7.57912
652 7.57912
653 7.57912
654 7.57912
655 7.57912
656 7.57912
657 7.57912
658 7.57912
659 7.57912
660 7.57912
661 7.57912
662 7.57912
663 7.57912
664 7.57912
665 7.57912
666 7.57912
667 7.57912
668 7.57912
669 7.57912
670 7.57912
671 7.57912
672 7.57912
673 7.57912
674 7.57912
675 7.57912
676 7.57912
677 7.57912
678 7.57912
679 7.57912
680 7.57912
681 7.57912
682 7.57912
683 7.57912
684 7.57912
685 7.57912
686 7.57912
687 7.57912
688 7.57912
689 7.57912
690 7.57912
691 7.57912
692 7.57912
693 7.57912
694 7.54932
695 7.54932
696 7.54932
697 7.54932
698 7.54932
699 7.54932
700 7.54932
701 7.54932
702 7.54932
703 7.54932
704 7.54932
705 7.54932
706 7.54932
707 7.54932
708 7.54932
709 7.54932
710 7.54932
711 7.54932
712 7.54932
713 7.54932
714 7.54932
715 7.54932
716 7.54932
717 7.54932
718 7.54932
719 7.54932
720 7.54932
721 7.54932
722 7.54932
723 7.54932
724 7.54932
725 7.54932
726 7.54932
727 7.54932
728 7.54932
729 7.54932
730 7.54932
731 7.54932
732 7.54932
733 7.54932
734 7.54932
735 7.54932
736 7.54932
737 7.54932
738 7.54932
739 7.54932
740 7.54932
741 7.54932
742 7.54932
743 7.54932
744 7.54932
745 7.54932
746 7.54932
747 7.54932
748 7.54932
749 7.54932
750 7.54932
751 7.54932
752 7.54932
753 7.54932
754 7.54932
755 7.36389
756 7.36389
757 7.36389
758 7.36389
759 7.36389
760 7.36389
761 7.36389
762 7.36389
763 7.36389
764 7.36389
765 7.36389
766 7.36389
767 7.36389
768 7.36389
769 7.36389
770 7.36389
771 7.3444
772 7.3444
773 7.3444
774 7.3444
775 7.3444
776 7.3444
777 7.31664
778 7.31664
779 7.1598
780 7.1598
781 7.1598
782 7.1598
783 7.1598
784 7.1598
785 7.1598
786 7.1598
787 6.95063
788 6.95063
789 6.95063
790 6.95063
791 6.95063
792 6.95063
793 6.95063
794 6.95063
795 6.95063
796 6.95063
797 6.95063
798 6.95063
799 6.95063
800 6.95063
801 6.95063
802 6.95063
803 6.95063
804 6.95063
805 6.95063
806 6.95063
807 6.95063
808 6.95063
809 6.95063
810 6.95063
811 6.95063
812 6.70313
813 6.70313
814 6.70313
815 6.70313
816 6.70313
817 6.70313
818 6.70313
819 6.70313
820 6.70313
821 6.70313
822 6.70313
823 6.70313
824 6.70313
825 6.70313
826 6.70313
827 6.70313
828 6.70313
829 6.70313
830 6.70313
831 6.70313
832 6.70313
833 6.70313
834 6.70313
835 6.70313
836 6.70313
837 6.70313
838 6.70313
839 6.70313
840 6.70313
841 6.70313
842 6.70313
843 6.70313
844 6.70313
845 6.70313
846 6.70313
847 6.70313
848 6.70313
849 6.70313
850 6.70313
851 6.70313
852 6.70313
853 6.70313
854 6.70313
855 6.70313
856 6.70313
857 6.70313
858 6.70313
859 6.70313
860 6.70313
861 6.70313
862 6.70313
863 6.70313
864 6.70313
865 6.70313
866 6.70313
867 6.70313
868 6.70313
869 6.70313
870 6.70313
871 6.70313
872 6.70313
873 6.70313
874 6.70313
875 6.70313
876 6.70313
877 6.70313
878 6.70313
879 6.70313
880 6.70313
881 6.70313
882 6.70313
883 6.70313
884 6.70313
885 6.70313
886 6.70313
887 6.70313
888 6.70313
889 6.70313
890 6.70313
891 6.58013
892 6.58013
893 6.58013
894 6.58013
895 6.58013
896 6.58013
897 6.58013
898 6.58013
899 6.58013
900 6.58013
901 6.58013
902 6.58013
903 6.58013
904 6.58013
905 6.58013
906 6.58013
907 6.46311
908 6.54978
909 6.54978
910 6.54978
911 6.54978
912 6.54978
913 6.54978
914 6.54978
915 6.54978
916 6.54978
917 6.54978
918 6.54978
919 6.54978
920 6.54978
921 6.54978
922 6.54978
923 6.54978
924 6.54978
925 6.54978
926 6.54978
927 6.54978
928 6.54978
929 6.54978
930 6.54978
931 6.54978
932 6.54978
933 6.54978
934 6.54978
935 6.54978
936 6.54978
937 6.54978
938 6.54978
939 6.54978
940 6.54978
941 6.47267
942 6.47267
943 6.47267
944 6.47267
945 6.47267
946 6.47267
947 6.47267
948 6.47267
949 6.47267
950 6.47267
951 6.47267
952 6.47267
953 6.47267
954 6.47267
955 6.47267
956 6.47267
957 6.47267
958 6.47267
959 6.47267
960 6.47267
961 6.47267
962 6.47267
963 6.47267
964 6.47267
965 6.47267
966 6.47267
967 6.47267
968 6.47267
969 6.47267
970 6.47267
971 6.39956
972 6.45354
973 6.45354
974 6.45354
975 6.45354
976 6.45354
977 6.45354
978 6.45354
979 6.13456
980 6.39956
981 6.39956
982 6.39956
983 6.39956
984 6.39956
985 6.39956
986 6.39956
987 6.39956
988 6.39956
989 6.39956
990 6.39956
991 6.39956
992 6.39956
993 6.39956
994 6.39956
995 6.39956
996 6.39956
997 6.39956
998 6.39956
999 6.39956
1000 6.39956
1001 6.39956
1002 6.39956
1003 6.39956
1004 6.39956
1005 6.39956
1006 6.39956
1007 6.39956
1008 6.39956
1009 6.33409
1010 6.33409
1011 6.33409
1012 6.33409
1013 6.33409
1014 6.33409
1015 6.33409
1016 6.33409
1017 6.33409
1018 6.33409
1019 6.33409
1020 6.33409
1021 6.33409
1022 6.33409
1023 6.33409
1024 6.33409
1025 6.33409
1026 6.33409
1027 6.33409
1028 6.33409
1029 6.33409
1030 6.33409
1031 6.33409
1032 6.33409
1033 6.33409
1034 6.33409
1035 6.33409
1036 6.33409
1037 6.33409
1038 6.33409
1039 6.33409
1040 6.33409
1041 6.33409
1042 6.33409
1043 6.33409
1044 6.33409
1045 6.33409
1046 6.33409
1047 6.06445
1048 6.11082
1049 6.11082
1050 6.11082
1051 6.11082
1052 6.11082
1053 6.11082
1054 6.11082
1055 6.11082
1056 6.11082
1057 6.11082
1058 6.11082
1059 6.11082
1060 6.11082
1061 6.11082
1062 6.11082
1063 6.11082
1064 6.11082
1065 6.11082
1066 6.11082
1067 6.11082
1068 6.11082
1069 6.11082
1070 6.11082
1071 6.11082
1072 6.11082
1073 6.11082
1074 6.11082
1075 6.11082
1076 6.11082
1077 6.11082
1078 6.11082
1079 6.11082
1080 6.11082
1081 6.11082
1082 6.06445
1083 6.06445
1084 6.06445
1085 6.06445
1086 6.06445
1087 6.06445
1088 6.06445
1089 6.06445
1090 6.06445
1091 6.06445
1092 6.06445
1093 6.06445
1094 6.06445
1095 6.06445
1096 6.06445
1097 6.06445
1098 6.06445
1099 6.06445
1100 6.06445
1101 6.06445
1102 6.06445
1103 6.06445
1104 6.06445
1105 6.06445
1106 6.06445
1107 6.06445
1108 5.7188
1109 5.7188
1110 5.7188
1111 5.7188
1112 5.7188
1113 5.7188
1114 5.7188
1115 5.7188
1116 5.7188
1117 5.7188
1118 5.7188
1119 5.7188
1120 5.7188
1121 5.7188
1122 5.7188
1123 5.7188
1124 5.7188
1125 5.7188
1126 5.7188
1127 5.7188
1128 5.7188
1129 5.7188
1130 5.7188
1131 5.7188
1132 5.34593
1133 5.34593
1134 5.34593
1135 4.75277
1136 5.27936
1137 5.27936
1138 5.27936
1139 5.27936
1140 5.27936
1141 5.27936
1142 5.27936
1143 5.27936
1144 5.27936
1145 5.27936
1146 5.27936
1147 5.27936
1148 5.27936
1149 5.27936
1150 5.27936
1151 5.27936
1152 5.27936
1153 5.27936
1154 5.27936
1155 5.27936
1156 5.27936
1157 5.27936
1158 5.17172
1159 5.17172
1160 5.17172
1161 5.17172
1162 5.17172
1163 5.17172
1164 5.17172
1165 5.17172
1166 5.17172
1167 5.17172
1168 5.17172
1169 5.17172
1170 5.17172
1171 5.17172
1172 5.17172
1173 5.17172
1174 5.17172
1175 5.17172
1176 5.17172
1177 5.17172
1178 5.17172
1179 5.17172
1180 5.17172
1181 5.17172
1182 5.17172
1183 5.17172
1184 5.17172
1185 5.17172
1186 5.17172
1187 5.17172
1188 5.17172
1189 5.17172
1190 5.17172
1191 5.17172
1192 5.17172
1193 5.17172
1194 5.17172
1195 5.17172
1196 5.17172
1197 5.17172
1198 5.17172
1199 5.17172
1200 5.17172
1201 5.17172
1202 5.17172
1203 5.17172
1204 5.17172
1205 5.17172
1206 5.17172
1207 5.17172
1208 5.17172
1209 5.17172
1210 5.17172
1211 5.17172
1212 5.17172
1213 5.17172
1214 5.17172
1215 5.17172
1216 5.17172
1217 5.17172
1218 5.17172
1219 5.17172
1220 5.17172
1221 5.17172
1222 5.17172
1223 5.17172
1224 5.17172
1225 5.17172
1226 5.17172
1227 5.17172
1228 5.17172
1229 5.17172
1230 5.17172
1231 5.17172
1232 5.17172
1233 5.17172
1234 5.17172
1235 5.17172
1236 5.17172
1237 5.17172
1238 5.17172
1239 5.17172
1240 5.17172
1241 5.17172
1242 5.17172
1243 5.17172
1244 5.17172
1245 5.17172
1246 5.17172
1247 5.17172
1248 5.17172
1249 5.17172
1250 5.17172
1251 5.17172
1252 5.17172
1253 5.17172
1254 5.17172
1255 5.17172
1256 5.17172
1257 5.17172
1258 5.17172
1259 5.17172
1260 5.17172
1261 5.17172
1262 5.17172
1263 5.17172
1264 5.17172
1265 5.17172
1266 5.17172
1267 5.17172
1268 5.17172
1269 5.17172
1270 5.17172
1271 5.17172
1272 5.17172
1273 5.17172
1274 5.17172
1275 5.17172
1276 5.17172
1277 5.17172
1278 5.17172
1279 4.86715
1280 4.86715
1281 4.86715
1282 4.86715
1283 4.86715
1284 4.86715
1285 4.86715
1286 4.86715
1287 4.86715
1288 4.86715
1289 4.86715
1290 4.86715
1291 4.86715
1292 4.86715
1293 4.86715
1294 4.86715
1295 4.86715
1296 4.86715
1297 4.86715
1298 4.86715
1299 4.86715
1300 4.86715
1301 4.86715
1302 4.86715
1303 4.86715
1304 4.86715
1305 4.86715
1306 4.86715
1307 4.86715
1308 4.86715
1309 4.86715
1310 4.86715
1311 4.86715
1312 4.86715
1313 4.86715
1314 4.86715
1315 4.86715
1316 4.86715
1317 4.86715
1318 4.86715
1319 4.86715
1320 4.86715
1321 4.86715
1322 4.86715
1323 4.86715
1324 4.86715
1325 4.86715
1326 4.86715
1327 4.86715
1328 4.86715
1329 4.86715
1330 4.86715
1331 4.86715
1332 4.86715
1333 4.86715
1334 4.86715
1335 4.86715
1336 4.86715
1337 4.86715
1338 4.86715
1339 4.86715
1340 4.86715
1341 4.86715
1342 4.86715
1343 4.86715
1344 4.86715
1345 4.86715
1346 4.86715
1347 4.86715
1348 4.86715
1349 4.86715
1350 4.86715
1351 4.86715
1352 4.86715
1353 4.86715
1354 4.86715
1355 4.86715
1356 4.86715
1357 4.86715
1358 4.86715
1359 4.86715
1360 4.86715
1361 4.86715
1362 4.86715
1363 4.86715
1364 4.86715
1365 4.86715
1366 4.86715
1367 4.86715
1368 4.86715
1369 4.86715
1370 4.86715
1371 4.86715
1372 4.86715
1373 4.86715
1374 4.86715
1375 4.86715
1376 4.86715
1377 4.86715
1378 4.86715
1379 4.86715
1380 4.86715
1381 4.86715
1382 4.27973
1383 4.27973
1384 4.27973
1385 4.27973
1386 4.27973
1387 4.27973
1388 4.27973
1389 4.27973
1390 4.27973
1391 4.27973
1392 4.27973
1393 4.27973
1394 4.27973
1395 4.27973
1396 4.27973
1397 4.27973
1398 4.27973
1399 4.27973
1400 4.27973
1401 4.27973
1402 4.27973
1403 4.27973
1404 4.27973
1405 4.27973
1406 4.27973
1407 4.27973
1408 4.27973
1409 4.27973
1410 4.27973
1411 4.27973
1412 4.27973
1413 4.27973
1414 4.27973
1415 4.27973
1416 4.27973
1417 4.27973
1418 4.27973
1419 4.27973
1420 4.27973
1421 4.23179
1422 4.23179
1423 4.23179
1424 4.23179
1425 4.23179
1426 4.23179
1427 4.23179
1428 4.23179
1429 4.23179
1430 4.23179
1431 4.23179
1432 4.23179
1433 4.23179
1434 4.23179
1435 4.23179
1436 4.23179
1437 4.23179
1438 4.23179
1439 4.23179
1440 4.23179
1441 4.23179
1442 4.23179
1443 4.23179
1444 4.23179
1445 4.23179
1446 4.23179
1447 4.23179
1448 4.23179
1449 4.23179
1450 4.23179
1451 4.23179
1452 4.23179
1453 4.23179
1454 4.23179
1455 4.23179
1456 4.23179
1457 4.23179
1458 4.23179
1459 4.23179
1460 4.23179
1461 4.23179
1462 4.23179
1463 4.23179
1464 4.23179
1465 4.23179
1466 4.23179
1467 4.23179
1468 4.23179
1469 4.23179
1470 4.23179
1471 4.23179
1472 4.23179
1473 4.23179
1474 4.23179
1475 4.23179
1476 4.23179
1477 4.23179
1478 4.23179
1479 4.23179
1480 4.23179
1481 4.23179
1482 4.23179
1483 4.23179
1484 4.23179
1485 4.23179
1486 4.23179
1487 4.23179
1488 4.23179
1489 4.23179
1490 4.23179
1491 4.23179
1492 4.23179
1493 4.23179
1494 4.23179
1495 4.23179
1496 4.23179
1497 4.23179
1498 4.23179
1499 4.23179
1500 4.23179
1501 4.23179
1502 4.23179
1503 4.23179
1504 4.23179
1505 4.23179
1506 4.23179
1507 4.23179
1508 4.23179
1509 4.23179
1510 4.23179
1511 4.23179
1512 4.23179
1513 4.23179
1514 4.23179
1515 4.23179
1516 4.23179
1517 4.23179
1518 4.23179
1519 4.23179
1520 4.23179
1521 4.23179
1522 4.23179
1523 4.23179
1524 4.23179
1525 4.23179
1526 4.23179
1527 4.23179
1528 4.23179
1529 4.23179
1530 4.23179
1531 4.23179
1532 4.23179
1533 4.23179
1534 4.23179
1535 4.23179
1536 4.23179
1537 4.23179
1538 4.23179
1539 4.23179
1540 4.23179
1541 4.23179
1542 4.23179
1543 4.23179
1544 4.23179
1545 4.23179
1546 4.23179
1547 4.23179
1548 4.23179
1549 4.23179
1550 4.23179
1551 4.23179
1552 4.23179
1553 4.23179
1554 4.23179
1555 4.23179
1556 4.23179
1557 4.23179
1558 4.23179
1559 4.23179
1560 4.23179
1561 4.23179
1562 4.23179
1563 4.23179
1564 4.23179
1565 4.23179
1566 4.23179
1567 4.23179
1568 4.23179
1569 4.23179
1570 4.23179
1571 4.23179
1572 4.23179
1573 4.23179
1574 4.23179
1575 4.23179
1576 4.23179
1577 4.23179
1578 4.23179
1579 4.23179
1580 4.23179
1581 4.23179
1582 4.23179
1583 4.23179
1584 4.23179
1585 4.23179
1586 4.23179
1587 4.23179
1588 4.23179
1589 4.23179
1590 4.23179
1591 4.23179
1592 4.23179
1593 4.23179
1594 4.23179
1595 4.23179
1596 4.23179
1597 4.23179
1598 4.23179
1599 4.23179
1600 4.23179
1601 4.23179
1602 4.23179
1603 4.23179
1604 4.23179
1605 4.23179
1606 4.23179
1607 4.23179
1608 4.23179
1609 4.23179
1610 4.23179
1611 4.23179
1612 4.23179
1613 4.23179
1614 4.23179
1615 4.23179
1616 4.23179
1617 4.23179
1618 4.23179
1619 4.23179
1620 4.23179
1621 4.23179
1622 4.23179
1623 4.23013
1624 4.23013
1625 4.23179
1626 4.23179
1627 4.23013
1628 4.23013
1629 4.23179
1630 4.23179
1631 4.23013
1632 4.23013
1633 4.23013
1634 4.23013
1635 4.23013
1636 4.23013
1637 4.23179
1638 4.23179
1639 4.23013
1640 4.23013
1641 4.23013
1642 4.23013
1643 4.23013
1644 4.23013
1645 4.23013
1646 4.23013
1647 4.23179
1648 4.23179
1649 4.23013
1650 4.23013
1651 4.16737
1652 4.16737
1653 4.16737
1654 4.16737
1655 4.16737
1656 4.16737
1657 4.16737
1658 4.16737
1659 4.16737
1660 4.16737
1661 4.16737
1662 4.16737
1663 4.16737
1664 4.16737
1665 4.16737
1666 4.16737
1667 4.16737
1668 4.16737
1669 4.16737
1670 4.16737
1671 4.16737
1672 4.16737
1673 4.16737
1674 4.16737
1675 4.16737
1676 4.16737
1677 4.16737
1678 4.16737
1679 4.16737
1680 4.16737
1681 4.16737
1682 4.16737
1683 4.16737
1684 4.16737
1685 4.16737
1686 4.16737
1687 4.16737
1688 4.16737
1689 4.16737
1690 4.16737
1691 4.16737
1692 4.16737
1693 4.16737
1694 4.16737
1695 4.16737
1696 4.16737
1697 4.16737
1698 4.16737
1699 4.16737
1700 4.16737
1701 4.16737
1702 4.16737
1703 4.16737
1704 4.16737
1705 4.16737
1706 4.16737
1707 4.16737
1708 4.16737
1709 4.16737
1710 4.16737
1711 4.16737
1712 4.16737
1713 4.16737
1714 4.16737
1715 4.16737
1716 4.16737
1717 4.16737
1718 4.16737
1719 4.12609
1720 4.12609
1721 4.12609
1722 4.12609
1723 4.12609
1724 4.12609
1725 4.12609
1726 4.12609
1727 4.12609
1728 4.12609
1729 4.12609
1730 4.12609
1731 4.12609
1732 4.12609
1733 4.12609
1734 4.12609
1735 4.12609
1736 4.12609
1737 4.12609
1738 4.12609
1739 4.12609
1740 4.12609
1741 4.12609
1742 4.12609
1743 4.12609
1744 4.12609
1745 4.12609
1746 4.12609
1747 4.12609
1748 4.12609
1749 4.12609
1750 4.12609
1751 4.12609
1752 4.12609
1753 4.12609
1754 4.12609
1755 4.12609
1756 4.12609
1757 4.12609
1758 4.12609
1759 4.12609
1760 4.12609
1761 4.12609
1762 4.12609
1763 4.12609
1764 4.12609
1765 4.12609
1766 4.12609
1767 4.12609
1768 4.12609
1769 4.12609
1770 4.12609
1771 4.12609
1772 4.12609
1773 4.12609
1774 4.12609
1775 4.12609
1776 4.12609
1777 4.12609
1778 4.12609
1779 4.12609
1780 4.12609
1781 4.12609
1782 4.12609
1783 4.12609
1784 4.12609
1785 4.12609
1786 4.12609
1787 4.12609
1788 4.12609
1789 4.12609
1790 4.12609
1791 4.12609
1792 4.12609
1793 4.12609
1794 4.12609
1795 4.12609
1796 4.12609
1797 4.12609
1798 4.12609
1799 4.12609
1800 4.12609
1801 4.12609
1802 4.12609
1803 4.12609
1804 4.12609
1805 4.12609
1806 4.12609
1807 4.12609
1808 4.12609
1809 4.12609
1810 4.12609
1811 4.12609
1812 4.12609
1813 4.12609
1814 4.12609
1815 4.12609
1816 4.12609
1817 4.12609
1818 4.12609
1819 4.12609
1820 4.12609
1821 4.12609
1822 4.12609
1823 4.12609
1824 4.12609
1825 4.12609
1826 4.12609
1827 4.12609
1828 4.12609
1829 4.12609
1830 4.12609
1831 4.12609
1832 4.12609
1833 4.12609
1834 4.12609
1835 4.12609
1836 4.12609
1837 4.12609
1838 4.12609
1839 4.12609
1840 4.12609
1841 4.12609
1842 4.12609
1843 4.12609
1844 4.12609
1845 4.12609
1846 4.12609
1847 4.12609
1848 4.12609
1849 4.12609
1850 4.11061
1851 4.11061
1852 4.11061
1853 4.11061
1854 4.11061
1855 4.11061
1856 4.11061
1857 4.11061
1858 4.11061
1859 4.11061
1860 4.11061
1861 4.11061
1862 4.11061
1863 4.11061
1864 4.11061
1865 4.11061
1866 4.11061
1867 4.11061
1868 4.11061
1869 4.11061
1870 4.11061
1871 4.11061
1872 4.11061
1873 4.11061
1874 4.11061
1875 4.11061
1876 4.11061
1877 4.11061
1878 4.11061
1879 4.11061
1880 4.0882
1881 4.0882
1882 4.0882
1883 4.0882
1884 4.0882
1885 4.0882
1886 4.0882
1887 4.0882
1888 4.0882
1889 4.0882
1890 4.0882
1891 4.0882
1892 4.0882
1893 4.0882
1894 4.0882
1895 4.0882
1896 4.0882
1897 4.0882
1898 4.0882
1899 4.0882
1900 4.0882
1901 4.0882
1902 4.0882
1903 4.0882
1904 4.0882
1905 4.0882
1906 4.0882
1907 4.0882
1908 4.0882
1909 4.0882
1910 4.0882
1911 4.0882
1912 4.0882
1913 4.0882
1914 4.0882
1915 4.0882
1916 4.0882
1917 4.0882
1918 4.0882
1919 4.0882
1920 4.0882
1921 4.0882
1922 4.0882
1923 4.0882
1924 4.0882
1925 4.0882
1926 4.0882
1927 4.0882
1928 4.0882
1929 4.0882
1930 4.0882
1931 4.0882
1932 4.0882
1933 4.0882
1934 4.0882
1935 4.0882
1936 4.0882
1937 4.0882
1938 4.0882
1939 4.0882
1940 4.0882
1941 4.0882
1942 4.0882
1943 4.0882
1944 4.0882
1945 4.0882
1946 4.0882
1947 4.0882
1948 4.0882
1949 4.0882
1950 4.0882
1951 4.0882
1952 4.0882
1953 4.0882
1954 4.0882
1955 4.0882
1956 4.0882
1957 4.0882
1958 4.0882
1959 4.0882
1960 4.0882
1961 4.0882
1962 4.0882
1963 4.0882
1964 4.0882
1965 4.0882
1966 4.0882
1967 4.0882
1968 4.0882
1969 4.0882
1970 4.0882
1971 4.0882
1972 4.0882
1973 3.7246
1974 3.7246
1975 3.7246
1976 3.7246
1977 3.7246
1978 3.7246
1979 3.7246
1980 3.7246
1981 3.7246
1982 3.7246
1983 3.7246
1984 3.7246
1985 3.7246
1986 3.7246
1987 3.7246
1988 3.7246
1989 3.7246
1990 3.7246
1991 3.7246
1992 3.7246
1993 3.7246
1994 3.7246
1995 3.7246
1996 3.7246
1997 3.7246
1998 3.7246
1999 3.72601
2000 3.72601
2001 3.72601
2002 3.72601
2003 3.72601
2004 3.72601
2005 3.72601
2006 3.72601
2007 3.72601
2008 3.72601
2009 3.72601
2010 3.72601
2011 3.72601
2012 3.72601
2013 3.72601
2014 3.72601
2015 3.72601
2016 3.72601
2017 3.72601
2018 3.72601
2019 3.72601
2020 3.72601
2021 3.72601
2022 3.72601
2023 3.72601
2024 3.72601
2025 3.72601
2026 3.72601
2027 3.72601
2028 3.72601
2029 3.72601
2030 3.72601
2031 3.72601
2032 3.72601
2033 3.72601
2034 3.72601
2035 3.72601
2036 3.72601
2037 3.72601
2038 3.72601
2039 3.72601
2040 3.72601
2041 3.72601
2042 3.72601
2043 3.72601
2044 3.72601
2045 3.72601
2046 3.72601
2047 3.72601
2048 3.72601
2049 3.72601
2050 3.72601
2051 3.72601
2052 3.72601
2053 3.72601
2054 3.72601
2055 3.72601
2056 3.72601
2057 3.72601
2058 3.72601
2059 3.72601
2060 3.72601
2061 3.72601
2062 3.72601
2063 3.72601
2064 3.72601
2065 3.72601
2066 3.72601
2067 3.72601
2068 3.72601
2069 3.72601
2070 3.72601
2071 3.72601
2072 3.72601
2073 3.72601
2074 3.72601
2075 3.72601
2076 3.72601
2077 3.72601
2078 3.72601
2079 3.72601
2080 3.72601
2081 3.72601
2082 3.72601
2083 3.72601
2084 3.72601
2085 3.72601
2086 3.72601
2087 3.72501
2088 3.72501
2089 3.72501
2090 3.72501
2091 3.72501
2092 3.72501
2093 3.72501
2094 3.72501
2095 3.72501
2096 3.72501
2097 3.72501
2098 3.72501
2099 3.72501
2100 3.72501
2101 3.72501
2102 3.72501
2103 3.72501
2104 3.72501
2105 3.72501
2106 3.72501
2107 3.72501
2108 3.72501
2109 3.72501
2110 3.72501
2111 3.72501
2112 3.72501
2113 3.72501
2114 3.72501
2115 3.72501
2116 3.72501
2117 3.72501
2118 3.72501
2119 3.72501
2120 3.72501
2121 3.72501
2122 3.72501
2123 3.72501
2124 3.72501
2125 3.72501
2126 3.72501
2127 3.72501
2128 3.72501
2129 3.72501
2130 3.72501
2131 3.72501
2132 3.72501
2133 3.72501
2134 3.72501
2135 3.72501
2136 3.72501
2137 3.72501
2138 3.72501
2139 3.72501
2140 3.72501
2141 3.72501
2142 3.72501
2143 3.72501
2144 3.72501
2145 3.72501
2146 3.72501
2147 3.72501
2148 3.72501
2149 3.72501
2150 3.72501
2151 3.72501
2152 3.72501
2153 3.72501
2154 3.72501
2155 3.72501
2156 3.72501
2157 3.72501
2158 3.72501
2159 3.72501
2160 3.72501
2161 3.72501
2162 3.72501
2163 3.72501
2164 3.72501
2165 3.72501
2166 3.72501
2167 3.72501
2168 3.72501
2169 3.72501
2170 3.72501
2171 3.72501
2172 3.72501
2173 3.72395
2174 3.72395
2175 3.72395
2176 3.72395
2177 3.72501
2178 3.72501
2179 3.72395
2180 3.72395
2181 3.72395
2182 3.72395
2183 3.72501
2184 3.72501
2185 3.72395
2186 3.72395
2187 2.63568
2188 2.63568
2189 2.63568
2190 2.63568
2191 2.63568
2192 2.63568
2193 2.63568
2194 2.63568
2195 2.63568
2196 2.63568
2197 2.63568
2198 2.63568
2199 2.63568
2200 2.63568
2201 2.63568
2202 2.63568
2203 2.63568
2204 2.63568
2205 2.63568
2206 2.63568
2207 2.63568
2208 2.63568
2209 2.63568
2210 2.63568
2211 2.63568
2212 2.63568
2213 2.63568
2214 2.63568
2215 2.63568
2216 2.63568
2217 2.63568
2218 2.63568
2219 2.63568
2220 2.63568
2221 2.63568
2222 2.63568
2223 2.63568
2224 2.63568
2225 2.63568
2226 2.38729
2227 2.38729
2228 2.38729
2229 2.38729
2230 2.38729
2231 2.38729
2232 2.38729
2233 2.38729
2234 2.38729
2235 2.38729
2236 2.38729
2237 2.38729
2238 2.38729
2239 2.38729
2240 2.38729
2241 2.38729
2242 2.38729
2243 2.38125
2244 2.38125
2245 2.38125
2246 2.38125
2247 2.38125
2248 2.38125
2249 2.38125
2250 2.38125
2251 2.38125
2252 2.38125
2253 2.38125
2254 2.38125
2255 2.38125
2256 2.38125
2257 2.38125
2258 2.38125
2259 2.38125
2260 2.38125
2261 2.38125
2262 2.38125
2263 2.38125
2264 2.38125
2265 2.38125
2266 2.38125
2267 2.38125
2268 2.38125
2269 2.38125
2270 2.38125
2271 2.38125
2272 2.38125
2273 2.38125
2274 2.38125
2275 2.38125
2276 2.38125
2277 2.38125
2278 2.38125
2279 2.38125
2280 2.38125
2281 2.38125
2282 2.38125
2283 2.38125
2284 2.38125
2285 2.38125
2286 2.38125
2287 2.38125
2288 2.38125
2289 2.38125
2290 2.38125
2291 2.38125
2292 2.38125
2293 2.38125
2294 2.38125
2295 2.38125
2296 2.38125
2297 2.38125
2298 2.38125
2299 2.38125
2300 2.38125
2301 2.38125
2302 2.38125
2303 2.38125
2304 2.38125
2305 2.38125
2306 2.38125
2307 2.38125
2308 2.38125
2309 2.38125
2310 2.38125
2311 2.38125
2312 2.38125
2313 2.38125
2314 2.38125
2315 2.38125
2316 2.38125
2317 2.38125
2318 2.38125
2319 2.38125
2320 2.38125
2321 2.38125
2322 2.38125
2323 2.38125
2324 2.38125
2325 2.38125
2326 2.38125
2327 2.38125
2328 2.38125
2329 2.38125
2330 2.38125
2331 2.38125
2332 2.38125
2333 2.38125
2334 2.38125
2335 2.38125
2336 2.38125
2337 2.38125
2338 2.38125
2339 2.38125
2340 2.38125
2341 2.38125
2342 2.38125
2343 2.38125
2344 2.38125
2345 2.38125
2346 2.38125
2347 2.38125
2348 2.28538
2349 2.28538
2350 2.28538
2351 2.28538
2352 2.28538
2353 2.28538
2354 2.28538
2355 2.28538
2356 2.28538
2357 2.28538
2358 2.28538
2359 2.28538
2360 2.28538
2361 2.28538
2362 2.28538
2363 2.28538
2364 2.28538
2365 2.28538
2366 2.28538
2367 2.28538
2368 2.28538
2369 2.28538
2370 2.28538
2371 2.28538
2372 2.28538
2373 2.28538
2374 2.28538
2375 2.28538
2376 2.28538
2377 2.28538
2378 2.28538
2379 2.28538
2380 2.28538
2381 2.28538
2382 2.28538
2383 2.28538
2384 2.28538
2385 2.28538
2386 2.28538
2387 2.28538
2388 2.28538
2389 2.28538
2390 2.28538
2391 2.28538
2392 2.28538
2393 2.28538
2394 2.28538
2395 2.28538
2396 2.27665
2397 2.27665
2398 2.27665
2399 2.27665
2400 2.27665
2401 2.27665
2402 2.27665
2403 2.27665
2404 2.27665
2405 2.27665
2406 2.27665
2407 2.27665
2408 2.27665
2409 2.27665
2410 2.27665
2411 2.27665
2412 2.27665
2413 2.27665
2414 2.27665
2415 2.27665
2416 2.27665
2417 2.27665
2418 2.27665
2419 2.27665
2420 2.27665
2421 2.27665
2422 2.27665
2423 2.27665
2424 2.27665
2425 2.27665
2426 2.27665
2427 2.27665
2428 2.27665
2429 2.27665
2430 2.27665
2431 2.27665
2432 2.27665
2433 2.27665
2434 2.27665
2435 2.27665
2436 2.27665
2437 2.27665
2438 2.27665
2439 2.27665
2440 2.27665
2441 2.27665
2442 2.27665
2443 2.27665
2444 2.27665
2445 2.27665
2446 2.27665
2447 2.27665
2448 2.27665
2449 2.27665
2450 2.27665
2451 2.27665
2452 2.27665
2453 2.27665
2454 2.27665
2455 2.27665
2456 2.27665
2457 2.27665
2458 2.27665
2459 2.27665
2460 2.27665
2461 2.27665
2462 2.27665
2463 2.27665
2464 2.27665
2465 2.27665
2466 2.27665
2467 2.27665
2468 2.27665
2469 2.27665
2470 2.27665
2471 2.27665
2472 2.27665
2473 2.27665
2474 2.27665
2475 2.27665
2476 2.27665
2477 2.27665
2478 2.27665
2479 2.27665
2480 2.27665
2481 2.27665
2482 2.27665
2483 2.27665
2484 2.27665
2485 2.27665
2486 2.27665
2487 2.27665
2488 2.27665
2489 2.27665
2490 2.27665
2491 2.27665
2492 2.27665
2493 2.27665
2494 2.27665
2495 2.27665
2496 2.27665
2497 2.27665
2498 2.27665
2499 2.27665
2500 2.27665
