Gen L
1 36.5731
2 36.5731
3 29.7679
4 32.0345
5 31.2403
6 31.2403
7 28.4066
8 29.9261
9 27.1613
10 27.5424
11 27.5424
12 26.9125
13 27.0643
14 26.9103
15 26.9103
16 26.7943
17 24.8695
18 26.4483
19 26.4483
20 26.4992
21 26.4992
22 26.6375
23 26.8774
24 26.8774
25 26.168
26 26.0542
27 26.0542
28 26.3459
29 26.3459
30 26.0805
31 26.0805
32 26.4496
33 25.9735
34 25.9735
35 25.9735
36 25.8094
37 25.2298
38 25.2298
39 24.9314
40 24.9314
41 24.9314
42 25.6379
43 23.2869
44 24.1777
45 20.8153
46 22.95
47 22.95
48 23.3872
49 22.3835
50 22.3835
51 22.3835
52 22.3835
53 22.3835
54 22.3835
55 21.9594
56 22.5466
57 22.5466
58 21.4951
59 21.4951
60 20.3973
61 20.3019
62 20.3019
63 20.3019
64 20.3019
65 18.5004
66 19.3803
67 15.2528
68 18.5004
69 20.9604
70 20.9604
71 20.9604
72 20.9604
73 21.3382
74 21.3382
75 21.6776
76 21.6776
77 21.9872
78 21.9872
79 22.4414
80 22.4414
81 22.4414
82 22.4414
83 22.4414
84 22.4414
85 22.2336
86 22.2336
87 22.2336
88 22.2336
89 22.2336
90 22.2336
91 22.6275
92 22.6275
93 22.6275
94 22.6275
95 22.6275
96 22.6275
97 22.7755
98 21.5185
99 20.9626
100 20.9626
101 20.9197
102 21.1185
103 21.1185
104 21.1185
105 20.9246
106 19.2838
107 19.2838
108 19.2838
109 19.2384
110 19.0088
111 19.0088
112 19.0088
113 19.0088
114 19.0088
115 19.4573
116 19.4573
117 19.4573
118 19.4573
119 19.4573
120 19.4573
121 19.4573
122 19.4573
123 19.4573
124 19.4573
125 19.4573
126 19.2753
127 19.2753
128 19.2753
129 20.2269
130 20.2269
131 20.2269
132 20.242
133 20.2595
134 20.2595
135 20.2595
136 20.2595
137 20.2595
138 17.6294
139 17.6294
140 17.6294
141 17.6294
142 17.6294
143 17.6294
144 17.6294
145 17.6294
146 17.6294
147 18.0897
148 18.0625
149 18.0625
150 17.9348
151 17.9348
152 17.9348
153 17.9348
154 17.9348
155 17.9348
156 17.9348
157 16.0076
158 14.9388
159 14.9388
160 14.7297
161 14.7297
162 14.7297
163 14.7297
164 14.7297
165 14.7297
166 14.7297
167 14.7297
168 14.7297
169 14.7297
170 14.7297
171 14.7297
172 14.7297
173 14.7297
174 14.7297
175 14.7297
176 14.7297
177 14.7297
178 14.7297
179 14.7297
180 14.7297
181 14.2604
182 14.2604
183 14.2604
184 14.2604
185 14.2604
186 13.8538
187 13.8538
188 13.9648
189 13.9648
190 13.9648
191 13.9406
192 13.8538
193 13.8538
194 13.9406
195 14.3441
196 14.3441
197 14.3441
198 14.3441
199 14.3441
200 13.8521
201 13.8521
202 14.3806
203 14.3806
204 13.4296
205 13.4296
206 13.4296
207 13.4296
208 13.4296
209 13.4296
210 13.4296
211 13.4296
212 13.4296
213 13.4296
214 13.4296
215 13.4296
216 14.6137
217 14.6137
218 14.6137
219 14.6137
220 14.3788
221 14.2227
222 14.2227
223 14.2227
224 14.5296
225 14.5296
226 14.8229
227 14.6069
228 14.6069
229 13.6769
230 13.6769
231 13.6769
232 13.3671
233 13.3671
234 13.3671
235 13.3671
236 13.3671
237 13.3671
238 13.3671
239 13.3671
240 13.3671
241 13.3671
242 13.3671
243 13.9993
244 13.9993
245 13.9993
246 13.9993
247 13.9993
248 13.9993
249 13.5249
250 13.5249
251 13.5249
252 13.5249
253 13.2317
254 13.2317
255 13.2317
256 13.2317
257 13.2317
258 13.6846
259 13.6846
260 13.6846
261 13.6846
262 14.2012
263 15.3293
264 15.3293
265 15.3293
266 15.3293
267 15.1021
268 15.1021
269 15.1021
270 15.1021
271 14.9663
272 14.3487
273 14.3487
274 15.0706
275 15.0706
276 15.6082
277 15.6082
278 15.5623
279 15.5623
280 15.9978
281 15.9978
282 15.9978
283 15.9978
284 15.9978
285 16.417
286 16.417
287 16.417
288 16.417
289 16.417
290 16.417
291 16.417
292 16.417
293 16.417
294 16.417
295 16.417
296 16.417
297 16.417
298 14.9409
299 14.8914
300 14.8914
301 14.8914
302 14.8914
303 14.8914
304 14.8914
305 14.8914
306 14.8914
307 14.8914
308 14.4306
309 14.4306
310 14.5812
311 13.6357
312 13.6357
313 13.6357
314 13.6357
315 13.6357
316 13.6357
317 13.6357
318 13.6357
319 13.9404
320 13.9404
321 13.9404
322 13.682
323 13.682
324 12.9843
325 12.9843
326 13.7933
327 13.7933
328 13.7933
329 13.7933
330 13.9222
331 13.9222
332 13.9222
333 13.9222
334 13.9222
335 13.9222
336 13.9222
337 13.9222
338 13.9222
339 13.9222
340 13.895
341 13.895
342 13.2636
343 13.2636
344 13.1617
345 13.1617
346 13.1617
347 13.1617
348 13.1617
349 13.0366
350 13.0366
351 13.0366
352 12.6857
353 12.6857
354 12.6857
355 12.6857
356 12.6857
357 12.6857
358 12.5991
359 12.5991
360 12.5991
361 12.5991
362 12.5991
363 12.5991
364 12.5991
365 12.5991
366 12.5991
367 12.5991
368 12.5991
369 12.9234
370 12.9234
371 12.9234
372 12.9234
373 12.7205
374 12.7205
375 12.5427
376 12.4997
377 12.4997
378 12.4997
379 12.321
380 12.321
381 12.5953
382 12.5953
383 12.5953
384 12.5953
385 12.5953
386 12.5953
387 12.5953
388 12.5953
389 12.5953
390 12.5953
391 12.5953
392 12.5953
393 12.5953
394 12.5953
395 12.5953
396 12.5953
397 12.5953
398 12.5953
399 12.5953
400 12.5953
401 12.1816
402 12.1816
403 12.1816
404 12.1816
405 12.1816
406 12.1816
407 12.1816
408 12.1816
409 12.1816
410 12.1816
411 12.1816
412 12.1816
413 12.1816
414 12.1816
415 12.1816
416 12.1816
417 12.1816
418 12.1816
419 12.1816
420 12.1816
421 11.6695
422 11.6695
423 11.6695
424 11.6695
425 11.6695
426 11.6695
427 11.6695
428 11.5145
429 11.5145
430 11.5145
431 11.5145
432 11.5145
433 11.5145
434 11.5145
435 11.5145
436 11.5145
437 11.5145
438 11.5145
439 11.5243
440 11.5243
441 10.6713
442 10.6713
443 10.6713
444 10.6713
445 10.3855
446 10.3855
447 10.3855
448 10.3855
449 10.3855
450 10.3738
451 10.3738
452 10.3738
453 10.3738
454 10.3738
455 10.3738
456 10.3738
457 10.3738
458 9.94785
459 9.94785
460 9.94785
461 11.0162
462 11.0162
463 11.0162
464 11.0162
465 11.0162
466 11.0162
467 11.0162
468 11.0162
469 11.7859
470 11.7859
471 11.2198
472 11.2198
473 11.2198
474 11.2198
475 11.2198
476 11.2198
477 11.0261
478 11.0261
479 11.0261
480 11.0261
481 11.0261
482 11.0261
483 10.9554
484 10.9554
485 10.9554
486 10.9554
487 10.9554
488 11.1643
489 11.1643
490 11.1643
491 11.1643
492 11.1643
493 11.1643
494 11.1643
495 11.1643
496 11.1643
497 11.1643
498 10.1818
499 10.1818
500 10.1818
501 10.1667
502 10.1667
503 10.1667
504 10.1667
505 10.1667
506 10.1667
507 10.1667
508 10.2999
509 10.2999
510 10.1812
511 10.1812
512 10.1812
513 10.1812
514 10.1812
515 10.1812
516 10.1812
517 10.0203
518 10.0203
519 10.0203
520 10.0203
521 10.0203
522 10.0203
523 10.0203
524 10.0203
525 10.0203
526 10.0203
527 10.0203
528 9.95622
529 9.95622
530 9.95622
531 10.4866
532 10.4866
533 10.4866
534 10.4866
535 10.4866
536 10.4866
537 10.4866
538 10.4866
539 10.4866
540 10.4866
541 10.4866
542 10.4866
543 10.4911
544 11.7054
545 11.7054
546 11.7054
547 11.7054
548 11.7054
549 11.7054
550 11.7054
551 11.7054
552 11.7054
553 11.7054
554 11.7054
555 11.7054
556 11.7054
557 11.7054
558 11.7054
559 11.7054
560 11.7085
561 11.7085
562 11.7085
563 11.7085
564 12.0336
565 12.0336
566 12.0336
567 12.0336
568 12.0336
569 12.0336
570 12.0336
571 10.8192
572 10.8192
573 11.1468
574 10.1684
575 10.1684
576 10.1684
577 10.1684
578 10.3035
579 10.3035
580 10.3035
581 10.3035
582 9.26472
583 9.36217
584 9.36217
585 9.36217
586 9.36217
587 9.36217
588 9.36217
589 9.36217
590 9.36217
591 8.55872
592 8.55872
593 8.55872
594 8.55872
595 8.55872
596 7.82583
597 7.82583
598 8.55872
599 8.55872
600 8.55872
601 8.55872
602 8.55872
603 8.55872
604 8.55872
605 8.55872
606 8.55872
607 8.55872
608 8.55872
609 10.2682
610 10.2682
611 9.35058
612 9.46056
613 9.46056
614 9.46056
615 9.46056
616 9.46056
617 9.46056
618 9.03214
619 9.03214
620 9.03214
621 9.03214
622 9.03214
623 9.03214
624 9.3147
625 9.3147
626 9.3147
627 9.04015
628 9.04015
629 9.16812
630 9.16812
631 9.16812
632 9.4207
633 9.4207
634 9.4207
635 9.4207
636 9.4207
637 9.4207
638 9.4207
639 9.4207
640 9.32824
641 9.32824
642 9.32824
643 9.32824
644 9.32824
645 9.32824
646 9.32824
647 10.1018
648 10.1018
649 10.1018
650 10.1018
651 9.17056
652 9.17056
653 9.17056
654 9.17056
655 9.17056
656 9.17056
657 9.17056
658 9.17056
659 9.15338
660 9.17056
661 9.18088
662 9.62538
663 9.62538
664 9.62538
665 9.61021
666 9.61021
667 9.61021
668 9.61021
669 9.61021
670 9.61021
671 9.61021
672 9.61021
673 9.61021
674 9.61021
675 9.61021
676 9.82787
677 9.82787
678 10.6409
679 10.6409
680 10.6409
681 10.6409
682 10.6409
683 10.6409
684 10.6409
685 10.6409
686 10.6409
687 10.6409
688 10.6409
689 10.6409
690 10.6409
691 11.1978
692 11.2198
693 11.2198
694 11.2936
695 10.904
696 10.3795
697 10.3795
698 10.3795
699 10.3795
700 10.3795
701 10.3795
702 10.3795
703 10.6381
704 10.6381
705 10.6381
706 11.3305
707 11.7158
708 11.7158
709 11.4143
710 11.4143
711 11.4143
712 11.4143
713 11.4143
714 11.4226
715 11.4226
716 11.4226
717 11.7042
718 11.7042
719 11.7042
720 11.7042
721 11.7042
722 11.7042
723 11.7042
724 11.0168
725 11.0168
726 11.2667
727 11.2667
728 11.2667
729 11.2667
730 11.2667
731 11.2667
732 11.2667
733 11.2667
734 10.6383
735 10.6383
736 10.6383
737 10.6383
738 10.6383
739 10.6383
740 10.6383
741 10.6383
742 10.6383
743 11.1744
744 11.1744
745 10.9409
746 10.9409
747 11.4579
748 11.4579
749 11.4579
750 11.4579
751 11.4579
752 11.4579
753 11.4579
754 11.4579
755 11.9967
756 11.9967
757 11.9967
758 11.9967
759 11.9967
760 11.9967
761 11.9967
762 11.9967
763 11.9967
764 12.0294
765 12.0294
766 12.0294
767 12.0294
768 12.912
769 12.912
770 12.912
771 12.715
772 12.715
773 12.715
774 12.715
775 12.715
776 12.715
777 12.715
778 12.715
779 12.715
780 12.629
781 12.629
782 12.629
783 12.629
784 12.629
785 12.629
786 12.629
787 12.629
788 12.7035
789 12.7035
790 12.7035
791 12.7035
792 12.6042
793 12.6533
794 12.6533
795 13.2287
796 13.4936
797 13.4936
798 13.4936
799 13.9565
800 13.9565
801 13.9565
802 13.9565
803 13.9565
804 13.9565
805 13.9565
806 13.249
807 13.249
808 13.4542
809 13.4542
810 13.4542
811 13.4542
812 13.9037
813 13.9037
814 13.9037
815 14.833
816 14.833
817 14.833
818 14.6172
819 14.6172
820 14.6172
821 14.6172
822 14.6172
823 14.9047
824 14.9047
825 14.9047
826 14.9047
827 14.9047
828 14.9047
829 14.2821
830 14.2821
831 14.9689
832 14.9689
833 14.9689
834 14.9689
835 14.9689
836 14.9689
837 15.008
838 15.008
839 15.008
840 15.008
841 15.008
842 15.008
843 15.008
844 15.008
845 15.008
846 15.008
847 15.008
848 15.008
849 15.008
850 15.008
851 15.008
852 15.8391
853 15.8391
854 15.8391
855 15.255
856 15.255
857 15.255
858 15.255
859 15.255
860 15.255
861 15.255
862 15.255
863 15.255
864 14.5607
865 14.5607
866 14.5607
867 14.5607
868 14.5607
869 14.5607
870 14.5607
871 14.2858
872 14.2858
873 14.2858
874 14.2858
875 13.5358
876 13.5358
877 13.6546
878 13.6546
879 13.5491
880 13.4603
881 13.3601
882 13.3601
883 13.3601
884 13.3601
885 13.3601
886 13.3601
887 13.3601
888 13.3601
889 13.1922
890 13.1922
891 13.1922
892 13.1542
893 13.1542
894 13.1542
895 13.1542
896 13.1542
897 13.1542
898 13.1542
899 13.1542
900 12.5891
901 12.5891
902 12.5891
903 12.5891
904 12.5891
905 12.5891
906 11.3646
907 11.3646
908 11.3646
909 11.3646
910 11.3646
911 11.3646
912 11.3646
913 11.3646
914 11.3646
915 11.3646
916 9.86086
917 9.86086
918 9.86086
919 9.86086
920 9.86086
921 9.86086
922 9.86086
923 9.86086
924 9.86086
925 10.4997
926 10.4713
927 10.4713
928 10.4713
929 10.4713
930 10.4713
931 10.4713
932 10.4713
933 10.4713
934 10.4713
935 10.4713
936 10.4713
937 10.4713
938 10.4713
939 10.4713
940 10.372
941 10.372
942 9.85104
943 9.85104
944 9.85104
945 11.3935
946 11.3935
947 11.3935
948 11.3935
949 11.3935
950 11.3935
951 11.53
952 11.53
953 12.1327
954 12.1327
955 12.1399
956 12.1399
957 12.1399
958 12.1399
959 12.1399
960 12.1399
961 12.164
962 12.164
963 12.164
964 12.164
965 12.164
966 12.164
967 12.7423
968 12.7423
969 12.8327
970 12.4069
971 12.4069
972 12.4069
973 12.4069
974 12.4069
975 12.4069
976 12.4069
977 12.4069
978 12.4069
979 12.4069
980 12.4069
981 12.4069
982 12.4069
983 12.4069
984 12.4069
985 12.4069
986 12.4069
987 12.4069
988 12.4069
989 12.4069
990 12.4069
991 12.4069
992 12.4069
993 12.4069
994 12.4069
995 13.8471
996 13.8471
997 13.8471
998 13.8471
999 13.8471
1000 13.8471
1001 13.8471
1002 13.8471
1003 13.4824
1004 13.4041
1005 13.4041
1006 13.4041
1007 13.4041
1008 13.4041
1009 13.5148
1010 13.4823
1011 13.4823
1012 13.4823
1013 13.4823
1014 13.4823
1015 13.4823
1016 13.4823
1017 13.4823
1018 13.4823
1019 13.4823
1020 13.4823
1021 13.4823
1022 13.4823
1023 13.4823
1024 13.4823
1025 13.4842
1026 13.4842
1027 13.3911
1028 13.3911
1029 10.969
1030 10.969
1031 10.969
1032 11.8546
1033 13.1926
1034 13.1926
1035 13.1926
1036 13.1926
1037 13.1926
1038 13.1907
1039 13.1907
1040 13.1907
1041 13.1907
1042 13.1907
1043 11.9277
1044 11.9277
1045 11.9277
1046 11.9277
1047 11.4982
1048 11.4982
1049 11.4982
1050 11.4982
1051 11.4982
1052 11.4982
1053 12.1122
1054 12.1122
1055 12.966
1056 12.966
1057 12.8092
1058 12.8092
1059 12.8092
1060 12.8092
1061 12.8092
1062 12.8092
1063 12.8092
1064 12.8092
1065 12.8092
1066 12.8092
1067 12.3907
1068 12.3907
1069 12.3907
1070 12.3907
1071 12.3907
1072 12.3907
1073 12.3907
1074 12.3907
1075 12.3907
1076 12.3907
1077 12.3907
1078 12.3907
1079 12.3907
1080 12.3907
1081 11.9997
1082 11.9997
1083 13.1999
1084 13.1521
1085 13.1521
1086 13.1521
1087 13.1521
1088 12.7112
1089 12.7112
1090 12.981
1091 12.981
1092 12.981
1093 12.981
1094 12.981
1095 12.981
1096 12.981
1097 11.0438
1098 11.0438
1099 11.0438
1100 11.0438
1101 11.0438
1102 11.0438
1103 11.0438
1104 11.0438
1105 11.0438
1106 11.0438
1107 11.0438
1108 11.0696
1109 11.0696
1110 11.0696
1111 11.4992
1112 11.4992
1113 11.4992
1114 11.603
1115 11.603
1116 11.603
1117 11.603
1118 11.603
1119 11.603
1120 11.603
1121 11.603
1122 11.603
1123 11.603
1124 11.603
1125 11.603
1126 11.603
1127 11.603
1128 11.603
1129 11.603
1130 11.603
1131 11.603
1132 11.603
1133 11.603
1134 11.603
1135 11.603
1136 11.603
1137 11.603
1138 11.603
1139 11.603
1140 11.603
1141 11.603
1142 11.603
1143 11.603
1144 11.603
1145 11.603
1146 11.603
1147 11.603
1148 11.793
1149 11.1653
1150 11.2136
1151 11.2136
1152 11.5339
1153 11.5339
1154 11.5339
1155 11.5339
1156 11.583
1157 11.583
1158 11.2713
1159 11.2713
1160 11.1469
1161 11.1469
1162 11.1469
1163 11.1469
1164 11.1469
1165 11.1469
1166 11.1469
1167 11.1469
1168 11.2252
1169 11.2252
1170 11.2252
1171 11.2252
1172 11.3112
1173 11.3112
1174 11.3112
1175 11.0389
1176 11.0389
1177 11.0389
1178 11.0389
1179 11.0389
1180 11.0389
1181 11.0389
1182 11.0389
1183 11.1319
1184 11.1827
1185 11.1827
1186 11.1827
1187 11.1827
1188 11.1827
1189 11.272
1190 11.272
1191 11.272
1192 11.272
1193 11.272
1194 11.272
1195 11.272
1196 11.272
1197 11.272
1198 11.9976
1199 11.9976
1200 11.9976
1201 11.9976
1202 13.0373
1203 12.0347
1204 12.0347
1205 12.0347
1206 12.0347
1207 12.0347
1208 12.0347
1209 14.7058
1210 14.7058
1211 14.7058
1212 15.2906
1213 15.2906
1214 14.9278
1215 14.9278
1216 14.9278
1217 14.9278
1218 14.9278
1219 14.9278
1220 14.9278
1221 15.0037
1222 15.0037
1223 15.0037
1224 14.869
1225 14.869
1226 14.869
1227 14.869
1228 14.869
1229 14.869
1230 14.9241
1231 14.9241
1232 13.3563
1233 13.3563
1234 13.3563
1235 13.3563
1236 13.3563
1237 14.5785
1238 14.5785
1239 14.5785
1240 12.7987
1241 12.7987
1242 12.7987
1243 12.8191
1244 13.2592
1245 13.2592
1246 13.2592
1247 13.2592
1248 13.2592
1249 13.2592
1250 13.2592
1251 13.2592
1252 13.2001
1253 13.2001
1254 13.2001
1255 13.2001
1256 13.2001
1257 13.2001
1258 13.3105
1259 13.3105
1260 13.3105
1261 13.3105
1262 13.2247
1263 13.2247
1264 13.2247
1265 13.2247
1266 13.2247
1267 13.2247
1268 13.2247
1269 13.2384
1270 13.2384
1271 13.2384
1272 13.8368
1273 13.8368
1274 13.8368
1275 14.8325
1276 14.8325
1277 14.4422
1278 14.4422
1279 14.6541
1280 14.6541
1281 14.6541
1282 15.0879
1283 15.4691
1284 15.4691
1285 15.4691
1286 15.8061
1287 15.8061
1288 15.8061
1289 15.8061
1290 15.7666
1291 15.7666
1292 15.7666
1293 15.7666
1294 15.7666
1295 15.7666
1296 15.7666
1297 15.7666
1298 15.5628
1299 15.5628
1300 15.5628
1301 15.5628
1302 15.5628
1303 15.5628
1304 15.4578
1305 15.4578
1306 15.4578
1307 15.4578
1308 15.4578
1309 15.4578
1310 15.4578
1311 15.4578
1312 15.4578
1313 15.4578
1314 15.4578
1315 15.4578
1316 15.4578
1317 15.4578
1318 15.4578
1319 15.4578
1320 15.4578
1321 15.4578
1322 15.4578
1323 15.4572
1324 15.6156
1325 15.6156
1326 15.6156
1327 15.6156
1328 15.6156
1329 15.6156
1330 15.6156
1331 15.6156
1332 15.6156
1333 15.4341
1334 15.4341
1335 15.4341
1336 15.4341
1337 15.4341
1338 15.4341
1339 16.3517
1340 16.3517
1341 16.3517
1342 16.3523
1343 16.3523
1344 16.3523
1345 16.3523
1346 16.3523
1347 16.3523
1348 16.3523
1349 16.3523
1350 16.1321
1351 16.1321
1352 16.1321
1353 16.1321
1354 16.1321
1355 16.1321
1356 16.1321
1357 16.1321
1358 16.1321
1359 16.1321
1360 16.1321
1361 17.0906
1362 17.0906
1363 17.5007
1364 17.5007
1365 17.5007
1366 17.8617
1367 18.0062
1368 17.9525
1369 17.9525
1370 17.9525
1371 17.9525
1372 17.9525
1373 17.4314
1374 17.4314
1375 17.4314
1376 17.4314
1377 17.4314
1378 17.4314
1379 17.4314
1380 17.179
1381 17.179
1382 17.179
1383 17.179
1384 17.179
1385 17.179
1386 17.179
1387 17.179
1388 17.179
1389 17.179
1390 17.2667
1391 17.2667
1392 17.2667
1393 17.1138
1394 17.1138
1395 17.426
1396 17.426
1397 17.426
1398 17.426
1399 17.426
1400 17.426
1401 17.3667
1402 17.3667
1403 17.3667
1404 17.3667
1405 17.3667
1406 18.419
1407 18.419
1408 18.419
1409 18.419
1410 18.419
1411 18.419
1412 18.419
1413 18.419
1414 18.419
1415 18.419
1416 18.419
1417 18.419
1418 18.419
1419 18.419
1420 18.3671
1421 17.455
1422 17.455
1423 18.9666
1424 18.9666
1425 17.9849
1426 18.0081
1427 18.1324
1428 18.1324
1429 18.1324
1430 18.1324
1431 16.8288
1432 16.8288
1433 16.8288
1434 16.9758
1435 16.4887
1436 16.4887
1437 16.4887
1438 15.9701
1439 15.9701
1440 15.9701
1441 15.9701
1442 14.6467
1443 14.6467
1444 14.6467
1445 14.6467
1446 14.754
1447 14.754
1448 14.754
1449 14.754
1450 14.754
1451 14.754
1452 14.754
1453 14.754
1454 14.754
1455 14.754
1456 14.754
1457 12.5125
1458 12.5125
1459 12.5125
1460 12.5125
1461 12.5125
1462 12.5125
1463 12.5125
1464 12.5125
1465 12.5125
1466 12.5125
1467 12.5125
1468 12.5125
1469 12.5125
1470 12.5125
1471 12.5125
1472 12.5125
1473 12.3775
1474 12.3775
1475 12.3775
1476 12.3775
1477 12.3775
1478 12.3775
1479 12.3775
1480 12.6098
1481 12.6098
1482 12.8732
1483 12.8732
1484 12.8732
1485 12.8732
1486 12.8732
1487 12.4264
1488 12.4264
1489 12.6146
1490 12.6146
1491 12.6146
1492 12.6146
1493 12.6146
1494 12.6146
1495 12.6146
1496 12.6146
1497 12.6146
1498 12.6146
1499 12.6516
1500 12.6516
1501 12.6516
1502 12.2383
1503 12.2383
1504 12.2383
1505 12.2383
1506 11.4339
1507 11.4339
1508 11.4339
1509 11.4339
1510 11.4339
1511 11.8839
1512 12.2951
1513 12.0929
1514 12.0929
1515 12.0929
1516 12.0929
1517 12.0929
1518 12.0929
1519 12.0929
1520 12.0929
1521 12.0929
1522 12.0929
1523 12.0929
1524 12.0929
1525 12.0929
1526 12.0929
1527 12.0929
1528 12.3765
1529 12.3765
1530 12.3765
1531 12.3765
1532 12.3765
1533 12.3765
1534 12.3765
1535 12.3765
1536 12.3765
1537 12.3765
1538 12.3765
1539 12.3765
1540 12.3765
1541 12.3765
1542 12.3765
1543 12.3765
1544 12.3765
1545 12.8695
1546 12.8695
1547 12.8695
1548 12.8695
1549 12.8695
1550 12.8695
1551 12.8695
1552 12.8695
1553 12.4936
1554 12.4936
1555 12.4936
1556 12.4936
1557 12.4936
1558 12.4936
1559 12.4936
1560 12.4936
1561 12.4936
1562 12.4936
1563 12.4936
1564 12.4936
1565 12.5082
1566 12.5082
1567 12.5082
1568 12.5082
1569 12.5082
1570 12.5082
1571 12.5082
1572 12.7395
1573 12.7395
1574 12.28
1575 12.28
1576 12.28
1577 12.28
1578 12.28
1579 12.28
1580 12.28
1581 12.28
1582 12.28
1583 12.28
1584 12.28
1585 12.4957
1586 11.3855
1587 11.3855
1588 11.3855
1589 11.3855
1590 11.4559
1591 11.4559
1592 11.4559
1593 11.4559
1594 10.3162
1595 10.3162
1596 10.3162
1597 10.3162
1598 10.3162
1599 10.3162
1600 10.3162
1601 10.3162
1602 10.3162
1603 10.3162
1604 10.3162
1605 10.3162
1606 10.3162
1607 10.3162
1608 10.3162
1609 10.3162
1610 10.3162
1611 10.3162
1612 10.3162
1613 11.4296
1614 11.9354
1615 11.9354
1616 11.9354
1617 11.9354
1618 11.9354
1619 11.9354
1620 11.9354
1621 11.9354
1622 11.9383
1623 11.9383
1624 11.9383
1625 11.9383
1626 11.9383
1627 11.9383
1628 11.9383
1629 12.1755
1630 12.1755
1631 12.1755
1632 10.8029
1633 10.8029
1634 10.8029
1635 10.8029
1636 10.8029
1637 10.8029
1638 10.8029
1639 10.8029
1640 10.83
1641 11.0726
1642 11.6739
1643 11.6739
1644 11.6739
1645 11.6739
1646 11.6739
1647 11.6739
1648 11.6739
1649 12.486
1650 12.486
1651 12.4064
1652 12.4064
1653 12.4064
1654 12.4064
1655 13.0517
1656 13.0517
1657 13.0517
1658 13.0517
1659 13.3082
1660 13.3082
1661 13.3082
1662 13.3082
1663 13.3082
1664 13.3082
1665 13.4276
1666 13.4276
1667 13.4276
1668 13.4276
1669 13.4276
1670 13.4276
1671 13.4276
1672 13.4276
1673 13.4276
1674 13.4276
1675 13.4276
1676 13.4276
1677 13.4276
1678 13.7042
1679 13.7042
1680 13.7042
1681 13.5524
1682 13.5348
1683 13.5348
1684 13.5348
1685 13.277
1686 13.277
1687 13.2717
1688 13.2717
1689 13.2717
1690 13.2717
1691 13.7928
1692 13.7928
1693 13.7928
1694 13.7928
1695 13.7928
1696 13.7928
1697 13.414
1698 13.414
1699 15.0455
1700 15.2184
1701 15.2184
1702 15.2184
1703 15.2184
1704 15.2184
1705 15.2184
1706 15.2184
1707 15.2184
1708 15.2184
1709 15.1372
1710 15.1372
1711 15.1372
1712 15.1372
1713 15.1372
1714 15.1372
1715 15.1372
1716 15.1372
1717 15.1372
1718 15.1372
1719 15.1372
1720 14.446
1721 14.446
1722 14.446
1723 14.2549
1724 14.2549
1725 12.99
1726 12.99
1727 12.99
1728 12.99
1729 13.0389
1730 13.0389
1731 12.9994
1732 12.9992
1733 12.7725
1734 12.7725
1735 12.7725
1736 12.7855
1737 12.7855
1738 12.7855
1739 12.6363
1740 12.6363
1741 12.6363
1742 12.6363
1743 12.6363
1744 12.6363
1745 12.6363
1746 12.6363
1747 12.6363
1748 12.6363
1749 12.6363
1750 12.6363
1751 12.6363
1752 12.6363
1753 12.3106
1754 12.3106
1755 12.4617
1756 12.4617
1757 12.4617
1758 12.4617
1759 12.4617
1760 12.9014
1761 12.939
1762 12.7413
1763 12.5687
1764 12.5687
1765 12.5687
1766 12.5687
1767 12.5687
1768 12.5687
1769 12.5687
1770 12.5687
1771 12.5687
1772 12.5687
1773 12.5687
1774 12.5687
1775 12.5687
1776 12.5687
1777 12.5687
1778 12.5687
1779 12.5687
1780 12.5687
1781 12.5166
1782 12.1589
1783 12.1589
1784 12.1146
1785 12.1146
1786 12.1146
1787 12.1146
1788 12.1146
1789 12.1146
1790 12.1146
1791 12.1146
1792 12.1146
1793 12.1146
1794 12.864
1795 12.864
1796 12.864
1797 12.864
1798 13.05
1799 13.05
1800 13.05
1801 13.05
1802 12.22
1803 12.22
1804 12.22
1805 12.22
1806 12.7934
1807 12.7934
1808 12.7934
1809 12.7934
1810 12.7934
1811 12.7934
1812 12.7934
1813 12.7934
1814 12.7934
1815 12.7934
1816 12.7934
1817 12.7934
1818 12.7934
1819 12.7934
1820 12.7934
1821 12.7934
1822 12.7934
1823 11.459
1824 11.459
1825 11.459
1826 11.459
1827 11.459
1828 11.459
1829 11.4053
1830 11.4053
1831 11.4053
1832 11.4053
1833 11.4053
1834 11.4053
1835 11.4053
1836 11.4053
1837 12.0653
1838 11.462
1839 11.462
1840 11.462
1841 11.462
1842 10.2003
1843 10.2003
1844 9.86465
1845 9.86465
1846 10.7188
1847 10.7188
1848 10.7188
1849 10.7188
1850 10.7188
1851 10.2519
1852 10.2519
1853 10.2247
1854 10.2247
1855 10.2247
1856 10.2247
1857 10.2247
1858 10.1751
1859 10.1751
1860 10.1751
1861 10.1751
1862 10.1751
1863 10.5651
1864 10.5651
1865 10.5651
1866 10.5651
1867 10.5651
1868 10.5082
1869 11.0862
1870 11.0862
1871 11.0862
1872 11.0862
1873 11.7155
1874 11.7155
1875 12.0476
1876 12.0476
1877 12.0476
1878 12.0476
1879 12.0476
1880 12.0476
1881 12.0476
1882 12.0476
1883 12.0476
1884 12.0476
1885 12.1099
1886 12.4729
1887 12.7361
1888 12.7361
1889 12.7361
1890 11.9006
1891 11.9006
1892 11.9006
1893 11.8122
1894 11.8122
1895 11.8122
1896 12.5614
1897 12.5614
1898 12.5614
1899 12.5614
1900 12.5614
1901 12.5614
1902 12.9335
1903 12.9335
1904 12.9335
1905 12.9335
1906 12.6033
1907 12.6033
1908 12.6033
1909 12.6033
1910 12.6033
1911 12.6033
1912 12.6033
1913 12.6033
1914 12.4952
1915 12.4952
1916 12.4952
1917 12.4952
1918 12.4952
1919 12.4952
1920 12.2001
1921 12.2001
1922 11.9372
1923 11.5744
1924 11.2115
1925 11.2115
1926 11.2115
1927 11.2115
1928 11.2115
1929 11.2115
1930 11.2115
1931 11.2115
1932 11.2115
1933 11.1739
1934 11.1739
1935 11.1739
1936 11.1739
1937 11.1739
1938 11.1739
1939 11.1739
1940 11.1739
1941 11.1739
1942 11.1739
1943 11.1739
1944 11.1739
1945 11.1739
1946 11.1739
1947 11.1739
1948 11.238
1949 11.238
1950 11.238
1951 11.0365
1952 11.0365
1953 11.0365
1954 11.0365
1955 10.7674
1956 10.7674
1957 10.7674
1958 10.7674
1959 10.7674
1960 10.7674
1961 10.7674
1962 10.7674
1963 10.7674
1964 10.7674
1965 12.9993
1966 12.9993
1967 12.9993
1968 12.9993
1969 12.9993
1970 12.9993
1971 12.9993
1972 12.9993
1973 12.9993
1974 12.9993
1975 12.9993
1976 12.9993
1977 12.9993
1978 12.9993
1979 10.8443
1980 10.8443
1981 10.81
1982 10.81
1983 10.81
1984 10.81
1985 10.81
1986 10.81
1987 10.486
1988 10.486
1989 10.486
1990 10.2844
1991 10.2844
1992 10.2844
1993 10.2844
1994 10.2844
1995 10.2844
1996 10.2844
1997 10.2844
1998 10.2036
1999 10.895
2000 10.895
2001 10.895
2002 11.0398
2003 11.0398
2004 11.0398
2005 11.0398
2006 11.0398
2007 11.0398
2008 11.0398
2009 11.0398
2010 11.0398
2011 11.0398
2012 11.0398
2013 11.0398
2014 11.0398
2015 11.0398
2016 11.0398
2017 11.0398
2018 11.0398
2019 11.0398
2020 11.0398
2021 11.3359
2022 11.3359
2023 11.3359
2024 11.3359
2025 11.3359
2026 11.3359
2027 11.3359
2028 11.3359
2029 11.3359
2030 11.3359
2031 11.3359
2032 11.3359
2033 11.3359
2034 11.3359
2035 11.3359
2036 11.2586
2037 11.2586
2038 10.9446
2039 10.9446
2040 10.9446
2041 11.0637
2042 11.0637
2043 11.0637
2044 12.1049
2045 12.1049
2046 12.1049
2047 12.4477
2048 12.4477
2049 12.4477
2050 12.4477
2051 12.4477
2052 13.5617
2053 13.5617
2054 13.5617
2055 13.5617
2056 13.5617
2057 13.5617
2058 13.5617
2059 13.5617
2060 13.5617
2061 13.5617
2062 13.5617
2063 13.5617
2064 13.5617
2065 13.0644
2066 13.0644
2067 12.7767
2068 12.7767
2069 12.7767
2070 12.4047
2071 12.4047
2072 12.4047
2073 12.4047
2074 12.4047
2075 12.4047
2076 12.4047
2077 12.4047
2078 12.4047
2079 12.4047
2080 12.4047
2081 12.4047
2082 12.4047
2083 12.4047
2084 12.4047
2085 12.4047
2086 12.4047
2087 12.1021
2088 12.1021
2089 12.1021
2090 12.1021
2091 12.4511
2092 12.4511
2093 12.4511
2094 12.4511
2095 12.4511
2096 12.4511
2097 12.4511
2098 12.8852
2099 12.8852
2100 12.8976
2101 12.8976
2102 12.8976
2103 12.8976
2104 12.8976
2105 12.8976
2106 12.8976
2107 12.913
2108 12.913
2109 12.913
2110 12.903
2111 12.903
2112 13.7362
2113 13.7362
2114 13.7362
2115 13.7362
2116 13.7362
2117 13.7362
2118 13.6369
2119 13.6369
2120 13.6369
2121 13.6369
2122 13.6369
2123 13.9059
2124 13.9059
2125 13.9059
2126 13.3661
2127 13.3661
2128 13.3661
2129 13.3661
2130 13.3661
2131 13.3661
2132 13.3661
2133 13.3661
2134 11.409
2135 11.409
2136 11.409
2137 10.9841
2138 10.9841
2139 10.9841
2140 10.9841
2141 10.9841
2142 10.6237
2143 10.6237
2144 10.6237
2145 10.6237
2146 10.6237
2147 10.6237
2148 10.6237
2149 10.6237
2150 10.6237
2151 10.6237
2152 10.6237
2153 10.6237
2154 10.6237
2155 10.7021
2156 10.7021
2157 10.7021
2158 10.7021
2159 10.7021
2160 10.7021
2161 10.7021
2162 10.7021
2163 10.7021
2164 10.7021
2165 10.7021
2166 10.7021
2167 10.7021
2168 10.7021
2169 10.7021
2170 10.7021
2171 10.7021
2172 10.7021
2173 10.7021
2174 10.7021
2175 10.7021
2176 10.7021
2177 10.7021
2178 10.7021
2179 10.7021
2180 11.4818
2181 11.1826
2182 11.1826
2183 11.1826
2184 11.1826
2185 11.1826
2186 11.2376
2187 10.6977
2188 10.6977
2189 10.6977
2190 10.6977
2191 10.6977
2192 10.6977
2193 10.6977
2194 10.6977
2195 10.6977
2196 10.6977
2197 10.6977
2198 10.6977
2199 10.6977
2200 10.6977
2201 10.6977
2202 10.6129
2203 10.6129
2204 10.2518
2205 10.2518
2206 10.2518
2207 10.2518
2208 10.2518
2209 10.2518
2210 10.2518
2211 10.2518
2212 10.2518
2213 10.2518
2214 10.2518
2215 10.2518
2216 10.2518
2217 10.2518
2218 10.2518
2219 10.2518
2220 10.2518
2221 10.2518
2222 10.2518
2223 10.2518
2224 10.2518
2225 10.2518
2226 10.2518
2227 10.2518
2228 10.2518
2229 10.2518
2230 10.2518
2231 10.2518
2232 10.2518
2233 10.2405
2234 10.2405
2235 10.2405
2236 10.2405
2237 10.2405
2238 10.2405
2239 10.2405
2240 11.227
2241 11.227
2242 11.227
2243 11.8067
2244 11.8067
2245 12.2164
2246 12.2164
2247 12.2164
2248 12.2164
2249 12.2164
2250 12.2164
2251 12.2164
2252 12.2164
2253 12.2164
2254 12.2164
2255 13.5719
2256 13.5719
2257 13.1813
2258 13.1813
2259 13.1813
2260 13.1813
2261 13.2263
2262 13.2263
2263 13.2263
2264 12.8496
2265 12.8496
2266 11.6723
2267 11.6723
2268 11.6723
2269 11.6723
2270 11.6723
2271 11.6723
2272 11.6723
2273 11.6723
2274 11.6723
2275 11.6723
2276 11.6723
2277 11.6723
2278 11.6723
2279 11.6723
2280 11.6723
2281 12.0861
2282 12.0861
2283 12.0861
2284 12.0861
2285 12.0861
2286 12.0861
2287 12.0861
2288 11.9975
2289 11.9975
2290 11.9975
2291 11.9975
2292 11.5675
2293 11.5675
2294 11.5675
2295 11.5675
2296 11.5675
2297 11.5675
2298 11.5675
2299 11.1395
2300 11.1395
2301 11.0464
2302 11.0464
2303 11.0464
2304 11.07
2305 10.8334
2306 10.8334
2307 10.9602
2308 10.9602
2309 11.3029
2310 11.3029
2311 11.3029
2312 11.3029
2313 11.3029
2314 10.9029
2315 10.9029
2316 10.9029
2317 12.1178
2318 12.1178
2319 12.1178
2320 12.1178
2321 12.6125
2322 12.6125
2323 12.6125
2324 12.6125
2325 12.6125
2326 12.6125
2327 12.5503
2328 12.5503
2329 12.9609
2330 12.9609
2331 12.9609
2332 12.9609
2333 12.9609
2334 12.1691
2335 12.1691
2336 12.1691
2337 11.963
2338 11.4233
2339 11.4233
2340 11.4233
2341 11.4233
2342 11.4233
2343 11.4233
2344 11.4233
2345 11.4233
2346 11.8428
2347 11.8428
2348 11.8704
2349 11.8704
2350 11.8704
2351 11.8704
2352 11.8704
2353 11.8704
2354 11.8704
2355 11.8704
2356 11.8704
2357 11.8704
2358 11.8704
2359 11.8704
2360 11.8704
2361 11.8704
2362 11.8704
2363 11.8704
2364 11.8704
2365 11.8704
2366 11.8704
2367 11.8704
2368 11.8704
2369 11.8704
2370 11.8704
2371 11.8704
2372 11.6734
2373 11.6734
2374 11.6734
2375 11.6734
2376 11.6734
2377 11.6734
2378 11.6734
2379 11.6734
2380 11.6734
2381 11.6734
2382 11.6734
2383 11.6734
2384 11.6734
2385 11.6734
2386 11.6734
2387 11.6734
2388 11.6734
2389 11.6734
2390 11.6734
2391 11.6734
2392 11.5465
2393 11.5465
2394 11.5465
2395 11.5465
2396 11.5465
2397 10.73
2398 10.73
2399 10.73
2400 10.73
2401 10.73
2402 10.796
2403 10.796
2404 10.796
2405 10.0027
2406 10.0027
2407 10.0027
2408 10.0027
2409 10.332
2410 10.332
2411 10.332
2412 10.2904
2413 10.2904
2414 10.2904
2415 10.2904
2416 10.2904
2417 10.2904
2418 10.2904
2419 10.2904
2420 10.2904
2421 10.2904
2422 10.2904
2423 10.2904
2424 10.5779
2425 10.5779
2426 10.5779
2427 10.6864
2428 11.5427
2429 11.8418
2430 11.8418
2431 11.9843
2432 11.9843
2433 11.9843
2434 11.9843
2435 11.9843
2436 11.9843
2437 11.9843
2438 11.9843
2439 11.8759
2440 11.6999
2441 11.6999
2442 11.6999
2443 11.6999
2444 11.6999
2445 11.7263
2446 11.7263
2447 11.7713
2448 11.8679
2449 11.8679
2450 11.8679
2451 11.8679
2452 11.0877
2453 11.0877
2454 11.0877
2455 11.0877
2456 11.0877
2457 11.0877
2458 11.0877
2459 11.0877
2460 11.0877
2461 11.0877
2462 11.0877
2463 11.0877
2464 11.0877
2465 11.1564
2466 11.0772
2467 11.0772
2468 11.0772
2469 11.0772
2470 11.0772
2471 11.0772
2472 11.0772
2473 10.469
2474 10.469
2475 10.4847
2476 10.4847
2477 10.4446
2478 10.4446
2479 10.4446
2480 11.2251
2481 11.2251
2482 11.2251
2483 11.2251
2484 11.2251
2485 11.2251
2486 11.2526
2487 11.2526
2488 11.2526
2489 11.2526
2490 11.2526
2491 11.2526
2492 11.2526
2493 11.2526
2494 11.2526
2495 11.2526
2496 11.7142
2497 11.7142
2498 11.7142
2499 11.7142
2500 11.7142
